3.621595764160156250e+01 6.021945800781250000e+02 4.991560363769531250e+01 6.150069580078125000e+02
5.150693969726562500e+02 1.943226470947265625e+02 5.224987182617187500e+02 2.090987701416015625e+02
1.058767242431640625e+02 2.525668182373046875e+02 1.132481842041015625e+02 2.686619873046875000e+02
5.155861816406250000e+02 5.629793701171875000e+02 5.253402099609375000e+02 5.853339843750000000e+02
3.674451599121093750e+02 4.801777343750000000e+02 3.808133239746093750e+02 4.941082153320312500e+02
3.807263488769531250e+02 3.464649353027343750e+02 3.871632385253906250e+02 3.617940368652343750e+02
6.214204101562500000e+02 1.432496795654296875e+02 6.300411376953125000e+02 1.566818084716796875e+02
2.935638732910156250e+02 5.425100097656250000e+02 3.061280212402343750e+02 5.536010742187500000e+02
4.649661560058593750e+02 3.424391174316406250e+02 4.752278137207031250e+02 3.545060119628906250e+02
5.794584350585937500e+02 3.017146606445312500e+02 5.888789672851562500e+02 3.138580932617187500e+02
2.465340728759765625e+02 3.851273345947265625e+01 2.568047790527343750e+02 4.913877105712890625e+01
2.271125640869140625e+02 1.572625579833984375e+02 2.367378082275390625e+02 1.675952301025390625e+02
4.344058532714843750e+02 4.194142150878906250e+02 4.458778381347656250e+02 4.310153503417968750e+02
6.272927246093750000e+02 2.125159606933593750e+02 6.359670410156250000e+02 2.242284240722656250e+02
3.029544677734375000e+02 2.335050811767578125e+02 3.123907470703125000e+02 2.437803497314453125e+02
2.942717075347900391e-01 6.769316864013671875e+01 6.749178886413574219e+00 8.225150299072265625e+01
3.520749816894531250e+02 2.398360595703125000e+02 3.607443542480468750e+02 2.519950561523437500e+02
3.524828796386718750e+02 1.137250328063964844e+01 3.605407409667968750e+02 2.279344749450683594e+01
2.606009826660156250e+02 6.571122741699218750e+01 2.687679748535156250e+02 7.509716796875000000e+01
2.392960052490234375e+02 3.294979248046875000e+02 2.450269012451171875e+02 3.428376464843750000e+02
3.890203552246093750e+02 5.270765991210937500e+02 3.973915100097656250e+02 5.374728393554687500e+02
8.173876190185546875e+01 1.727958374023437500e+02 8.805982208251953125e+01 1.843546447753906250e+02
9.673506164550781250e+01 3.916552429199218750e+02 1.033879089355468750e+02 4.037403869628906250e+02
1.545608367919921875e+02 1.450625762939453125e+02 1.616284332275390625e+02 1.554910736083984375e+02
2.106570892333984375e+02 5.723150634765625000e+02 2.178299407958984375e+02 5.831093750000000000e+02
6.162745971679687500e+02 4.280395812988281250e+02 6.242138061523437500e+02 4.402490539550781250e+02
4.101471252441406250e+02 3.343563079833984375e+01 4.187569885253906250e+02 4.537818145751953125e+01
5.861390991210937500e+02 2.832422485351562500e+02 5.947518920898437500e+02 2.960386352539062500e+02
0.000000000000000000e+00 3.475655822753906250e+02 4.994785785675048828e+00 3.586600646972656250e+02
4.917232360839843750e+02 2.866811828613281250e+02 4.998327331542968750e+02 2.984228210449218750e+02
5.009435729980468750e+02 4.645780944824218750e+02 5.090587463378906250e+02 4.751459045410156250e+02
6.238496093750000000e+02 3.183387756347656250e+02 6.335360107421875000e+02 3.290927429199218750e+02
2.829847412109375000e+02 2.146668548583984375e+02 2.910471191406250000e+02 2.261316375732421875e+02
4.775750122070312500e+02 8.093345642089843750e+01 4.847317504882812500e+02 9.111816406250000000e+01
1.257353897094726562e+02 1.476320953369140625e+02 1.322163391113281250e+02 1.569315948486328125e+02
5.258594970703125000e+02 2.733109436035156250e+02 5.331033935546875000e+02 2.834400329589843750e+02
1.570319271087646484e+01 3.224363403320312500e+02 2.200012969970703125e+01 3.320093994140625000e+02
9.332638740539550781e+00 3.899671630859375000e+02 1.578218173980712891e+01 3.994631347656250000e+02
5.307185058593750000e+02 2.107791748046875000e+02 5.387821044921875000e+02 2.210018920898437500e+02
2.866997985839843750e+02 4.687971191406250000e+02 2.929651184082031250e+02 4.788759155273437500e+02
4.960857849121093750e+02 1.569541015625000000e+02 5.040257873535156250e+02 1.699305725097656250e+02
5.371364135742187500e+02 6.089736328125000000e+02 5.452481079101562500e+02 6.202943115234375000e+02
3.641189575195312500e+02 9.699911499023437500e+01 3.703551025390625000e+02 1.072342376708984375e+02
5.716270751953125000e+02 5.930635986328125000e+02 5.799089355468750000e+02 6.042536621093750000e+02
6.076226806640625000e+02 8.729615783691406250e+01 6.142863769531250000e+02 9.685450744628906250e+01
3.952017211914062500e+02 4.065975646972656250e+02 4.015473632812500000e+02 4.153320007324218750e+02
4.275946350097656250e+02 1.736970977783203125e+02 4.339898986816406250e+02 1.828019561767578125e+02
3.697415466308593750e+02 2.364714660644531250e+02 3.756923522949218750e+02 2.455192565917968750e+02
5.287460937500000000e+02 8.246091461181640625e+01 5.376525878906250000e+02 9.526700592041015625e+01
4.356279602050781250e+02 1.201902389526367188e+02 4.420665588378906250e+02 1.292819976806640625e+02
3.136766967773437500e+02 5.768658447265625000e+02 3.200958251953125000e+02 5.869815673828125000e+02
3.037420043945312500e+02 2.949194030761718750e+02 3.102761230468750000e+02 3.049770812988281250e+02
4.366377868652343750e+02 4.081105041503906250e+02 4.432914733886718750e+02 4.176484069824218750e+02
3.316587219238281250e+02 4.130749206542968750e+02 3.380240783691406250e+02 4.223447570800781250e+02
1.818826599121093750e+02 2.180117340087890625e+02 1.872538452148437500e+02 2.253988494873046875e+02
2.845421142578125000e+02 5.879508666992187500e+02 2.904321899414062500e+02 5.974994506835937500e+02
5.374223632812500000e+02 6.281782836914062500e+02 5.444091796875000000e+02 6.384215698242187500e+02
4.557219543457031250e+02 3.482762756347656250e+02 4.620834655761718750e+02 3.580221862792968750e+02
4.366221313476562500e+02 2.856371402740478516e+00 4.426728515625000000e+02 1.215608406066894531e+01
5.391160278320312500e+02 2.201030273437500000e+02 5.457051391601562500e+02 2.297115783691406250e+02
2.413508605957031250e+02 2.294400787353515625e+02 2.504720764160156250e+02 2.403288726806640625e+02
4.376206665039062500e+02 3.091131896972656250e+02 4.441902465820312500e+02 3.180220031738281250e+02
2.785091552734375000e+02 1.713305358886718750e+02 2.875765991210937500e+02 1.812779541015625000e+02
2.510280456542968750e+02 2.439360351562500000e+02 2.573868103027343750e+02 2.519906005859375000e+02
5.479602661132812500e+02 6.098226928710937500e+02 5.549345092773437500e+02 6.246122436523437500e+02
5.566706542968750000e+02 1.390113220214843750e+02 5.630528564453125000e+02 1.481585388183593750e+02
4.108978881835937500e+02 2.336140441894531250e+02 4.159003295898437500e+02 2.425780639648437500e+02
4.051323242187500000e+02 2.302759094238281250e+02 4.108922119140625000e+02 2.392028198242187500e+02
8.868141937255859375e+01 1.845189514160156250e+02 9.314330291748046875e+01 1.907140502929687500e+02
2.519247894287109375e+02 2.285445098876953125e+02 2.583630371093750000e+02 2.412191009521484375e+02
1.738274536132812500e+02 3.064920959472656250e+02 1.827553710937500000e+02 3.153796691894531250e+02
4.164135437011718750e+02 6.362867431640625000e+02 4.235711975097656250e+02 6.400000000000000000e+02
5.663601684570312500e+02 6.182281494140625000e+02 5.736192016601562500e+02 6.274772949218750000e+02
