2.176535186767578125e+02 5.178525390625000000e+02 2.311443939208984375e+02 5.349013671875000000e+02
5.827761230468750000e+02 5.625900878906250000e+02 5.915018310546875000e+02 5.770898437500000000e+02
3.378442077636718750e+02 3.278156127929687500e+02 3.474081115722656250e+02 3.397459716796875000e+02
3.514175415039062500e+02 2.330696105957031250e+01 3.598352661132812500e+02 3.595868301391601562e+01
2.875098571777343750e+02 7.148818492889404297e+00 2.975406799316406250e+02 1.726732254028320312e+01
4.530530166625976562e+01 1.616841278076171875e+02 5.481460952758789062e+01 1.722003021240234375e+02
4.241918945312500000e+01 3.549675598144531250e+02 4.980587768554687500e+01 3.670593566894531250e+02
1.090511703491210938e+02 3.942887268066406250e+02 1.170774154663085938e+02 4.056418151855468750e+02
5.361777954101562500e+02 9.816652679443359375e+01 5.429495239257812500e+02 1.099631576538085938e+02
5.237171020507812500e+02 4.160072326660156250e+02 5.331547241210937500e+02 4.264093933105468750e+02
5.440339965820312500e+02 5.702802734375000000e+02 5.516425170898437500e+02 5.802449951171875000e+02
1.829864654541015625e+02 1.473824310302734375e+02 1.909000701904296875e+02 1.580168304443359375e+02
2.348710937500000000e+02 3.958817138671875000e+02 2.411874694824218750e+02 4.054305419921875000e+02
4.750403442382812500e+02 4.046123962402343750e+02 4.827539672851562500e+02 4.180030822753906250e+02
4.804869384765625000e+02 1.644643554687500000e+02 4.890820922851562500e+02 1.814762268066406250e+02
3.738949279785156250e+02 1.020215454101562500e+02 3.812623596191406250e+02 1.130691528320312500e+02
8.111387634277343750e+01 4.761406250000000000e+02 8.823884582519531250e+01 4.859033203125000000e+02
2.927840881347656250e+02 3.513808288574218750e+02 2.990372619628906250e+02 3.606533508300781250e+02
8.502154350280761719e+00 1.581393623352050781e+01 1.704875564575195312e+01 2.706508827209472656e+01
5.105525970458984375e+01 1.991743927001953125e+02 5.782018280029296875e+01 2.089591522216796875e+02
3.339234619140625000e+02 1.626095733642578125e+02 3.410059204101562500e+02 1.723306121826171875e+02
5.931400756835937500e+02 4.866341247558593750e+02 6.005516967773437500e+02 4.967922668457031250e+02
4.448923645019531250e+02 8.714400291442871094e+00 4.517947692871093750e+02 1.930583190917968750e+01
8.331555175781250000e+01 5.378497314453125000e+02 8.960205078125000000e+01 5.470783691406250000e+02
3.303844299316406250e+02 1.811970977783203125e+02 3.392140197753906250e+02 1.919299468994140625e+02
1.151235351562500000e+02 1.916246337890625000e+02 1.227670898437500000e+02 2.012215881347656250e+02
2.137921905517578125e+02 2.621871948242187500e+01 2.216744537353515625e+02 3.729925537109375000e+01
5.228588867187500000e+01 4.039551086425781250e+02 5.835836791992187500e+01 4.128529968261718750e+02
3.749692687988281250e+02 5.926000366210937500e+02 3.816398620605468750e+02 6.026725463867187500e+02
3.464741821289062500e+02 1.722344970703125000e+02 3.530900878906250000e+02 1.862829589843750000e+02
3.964665222167968750e+02 1.075779647827148438e+02 4.022805480957031250e+02 1.158352127075195312e+02
5.998813476562500000e+02 2.914678039550781250e+02 6.065717773437500000e+02 3.014856872558593750e+02
2.623363037109375000e+02 3.406891784667968750e+02 2.693850097656250000e+02 3.524739685058593750e+02
5.229447631835937500e+02 1.991309814453125000e+02 5.314255981445312500e+02 2.127073669433593750e+02
5.921603393554687500e+01 5.711611328125000000e+02 6.603363037109375000e+01 5.835113525390625000e+02
1.672648468017578125e+02 3.650899047851562500e+02 1.730380401611328125e+02 3.740863647460937500e+02
6.216580810546875000e+02 1.269809646606445312e+02 6.278562011718750000e+02 1.363502807617187500e+02
2.930953369140625000e+02 5.311101684570312500e+02 2.989844360351562500e+02 5.398414916992187500e+02
