5.893383789062500000e+02 3.038897705078125000e+02 5.974750976562500000e+02 3.176926269531250000e+02
5.929530639648437500e+02 3.709191284179687500e+02 5.997295532226562500e+02 3.822021484375000000e+02
7.358956146240234375e+01 1.342769165039062500e+02 8.455031585693359375e+01 1.463469543457031250e+02
2.135014648437500000e+02 3.407288742065429688e+01 2.209182128906250000e+02 4.840787124633789062e+01
3.468760986328125000e+02 9.637615966796875000e+01 3.556293334960937500e+02 1.092660217285156250e+02
2.323282318115234375e+02 2.975138854980468750e+02 2.393850860595703125e+02 3.084208679199218750e+02
5.343720092773437500e+02 3.531233520507812500e+02 5.409229125976562500e+02 3.623051147460937500e+02
4.672986145019531250e+02 1.939962005615234375e+02 4.741492004394531250e+02 2.043872833251953125e+02
4.054175109863281250e+02 4.668279418945312500e+02 4.159768981933593750e+02 4.775720214843750000e+02
4.683584594726562500e+02 1.086952667236328125e+02 4.761826171875000000e+02 1.190310668945312500e+02
2.476152954101562500e+02 3.777615051269531250e+02 2.551554565429687500e+02 3.878853454589843750e+02
4.124126892089843750e+02 2.259202117919921875e+02 4.186438903808593750e+02 2.349767913818359375e+02
2.896432495117187500e+02 3.500514221191406250e+02 2.966314697265625000e+02 3.604712829589843750e+02
1.134445953369140625e+01 5.502467041015625000e+02 1.810797309875488281e+01 5.625830078125000000e+02
5.743975219726562500e+02 6.395585632324218750e+01 5.829562377929687500e+02 7.406495666503906250e+01
5.258967285156250000e+02 1.719458007812500000e+02 5.325358886718750000e+02 1.813047485351562500e+02
6.149886474609375000e+02 3.369756469726562500e+02 6.220941162109375000e+02 3.536170043945312500e+02
2.290318756103515625e+02 5.493651123046875000e+02 2.359070281982421875e+02 5.586286621093750000e+02
5.946667480468750000e+02 4.377123107910156250e+02 6.018988037109375000e+02 4.470279235839843750e+02
5.859088134765625000e+02 4.102970886230468750e+02 5.914891357421875000e+02 4.181100769042968750e+02
2.773595581054687500e+02 5.043096542358398438e+01 2.836690673828125000e+02 6.308174514770507812e+01
5.343129882812500000e+02 2.864012756347656250e+02 5.451385498046875000e+02 3.016396179199218750e+02
2.192739725112915039e+00 5.807378540039062500e+02 8.355161666870117188e+00 5.895505981445312500e+02
6.160172119140625000e+02 4.691318359375000000e+02 6.222763671875000000e+02 4.787434692382812500e+02
3.248015136718750000e+02 3.772994384765625000e+02 3.302271728515625000e+02 3.857776489257812500e+02
5.194152221679687500e+02 2.807413635253906250e+02 5.255365600585937500e+02 2.900153503417968750e+02
6.347443847656250000e+02 3.440975036621093750e+02 6.396756591796875000e+02 3.544266662597656250e+02
4.844591064453125000e+02 5.504228515625000000e+02 4.910614013671875000e+02 5.593673095703125000e+02
7.384570312500000000e+01 5.756736450195312500e+02 8.070866394042968750e+01 5.872412719726562500e+02
9.204362487792968750e+01 4.628988342285156250e+02 9.943141174316406250e+01 4.722776184082031250e+02
6.309263305664062500e+02 2.715654296875000000e+02 6.371005249023437500e+02 2.813785400390625000e+02
5.897702636718750000e+02 4.176905212402343750e+02 5.975416259765625000e+02 4.301736755371093750e+02
2.349225006103515625e+02 1.417952270507812500e+02 2.409973602294921875e+02 1.532513122558593750e+02
5.325079956054687500e+02 1.357108917236328125e+02 5.390477905273437500e+02 1.449434967041015625e+02
2.035328063964843750e+02 2.960156250000000000e+02 2.103403625488281250e+02 3.060374145507812500e+02
6.318789062500000000e+02 3.688736267089843750e+02 6.375059814453125000e+02 3.778741149902343750e+02
