6.114283447265625000e+02 3.740897827148437500e+02 6.212192382812500000e+02 3.867261962890625000e+02
3.992887878417968750e+02 4.704030151367187500e+02 4.069535827636718750e+02 4.831875000000000000e+02
2.699371948242187500e+02 1.334990234375000000e+02 2.787066650390625000e+02 1.448281860351562500e+02
4.554890747070312500e+02 5.596378173828125000e+02 4.631063842773437500e+02 5.716905517578125000e+02
3.811634521484375000e+02 5.826973876953125000e+02 3.877163085937500000e+02 5.943032226562500000e+02
3.211771850585937500e+02 6.155479736328125000e+02 3.280999755859375000e+02 6.297666015625000000e+02
1.513736724853515625e+02 2.238279724121093750e+02 1.589697723388671875e+02 2.360236511230468750e+02
1.481428985595703125e+02 7.805017852783203125e+01 1.569769134521484375e+02 8.910338592529296875e+01
1.838064117431640625e+02 4.662516174316406250e+02 1.908903961181640625e+02 4.760028991699218750e+02
2.121429290771484375e+02 3.977396545410156250e+02 2.202518157958984375e+02 4.079463806152343750e+02
6.033757324218750000e+02 4.838731994628906250e+02 6.116530761718750000e+02 4.962458190917968750e+02
3.947057495117187500e+02 6.341749267578125000e+02 4.017946777343750000e+02 6.400000000000000000e+02
1.711312408447265625e+02 5.311880493164062500e+02 1.781020355224609375e+02 5.430514526367187500e+02
3.982053527832031250e+02 3.897554626464843750e+02 4.052632141113281250e+02 4.005450744628906250e+02
5.981334838867187500e+02 3.220735931396484375e+01 6.044824829101562500e+02 4.294588470458984375e+01
2.244659881591796875e+02 5.018250122070312500e+02 2.313499603271484375e+02 5.124743652343750000e+02
6.192074584960937500e+02 1.533464965820312500e+02 6.265974731445312500e+02 1.644859924316406250e+02
1.814360351562500000e+02 5.982715454101562500e+02 1.885533447265625000e+02 6.090913696289062500e+02
3.212595520019531250e+02 3.646766357421875000e+02 3.273603820800781250e+02 3.737680664062500000e+02
5.839512939453125000e+02 5.435071945190429688e+01 5.902871093750000000e+02 6.427317810058593750e+01
2.532389831542968750e+02 2.977758789062500000e+02 2.601508483886718750e+02 3.074515991210937500e+02
1.362568511962890625e+02 3.809484863281250000e+01 1.426214141845703125e+02 4.874327850341796875e+01
2.458404998779296875e+02 1.746730804443359375e+02 2.516763153076171875e+02 1.841133270263671875e+02
4.879020690917968750e+02 9.383221435546875000e+01 4.941603698730468750e+02 1.029007873535156250e+02
3.033779144287109375e+01 4.756780090332031250e+02 3.650609588623046875e+01 4.851737976074218750e+02
4.038733215332031250e+02 1.423895721435546875e+02 4.130597229003906250e+02 1.531016082763671875e+02
1.240758132934570312e+02 1.135168075561523438e+02 1.306948394775390625e+02 1.270169754028320312e+02
8.798579406738281250e+01 2.806401367187500000e+02 9.448788452148437500e+01 2.922261352539062500e+02
4.162894897460937500e+02 2.191448211669921875e+02 4.223180541992187500e+02 2.297696990966796875e+02
1.765646667480468750e+02 4.250148010253906250e+02 1.854699096679687500e+02 4.365015563964843750e+02
3.996940002441406250e+02 3.293337707519531250e+02 4.068227233886718750e+02 3.390558166503906250e+02
2.880482788085937500e+02 3.922828369140625000e+02 2.952427978515625000e+02 4.101386108398437500e+02
1.304733428955078125e+02 1.133292236328125000e+02 1.362477569580078125e+02 1.231818847656250000e+02
4.035797424316406250e+02 3.984738464355468750e+02 4.093910827636718750e+02 4.074804382324218750e+02
4.065234680175781250e+02 3.870446395874023438e+01 4.146966857910156250e+02 4.797620010375976562e+01
9.134858703613281250e+01 2.039446830749511719e-01 9.815713500976562500e+01 4.551110744476318359e+00
2.556831665039062500e+02 1.060111618041992188e+02 2.625969238281250000e+02 1.171145553588867188e+02
3.356573791503906250e+02 4.577858276367187500e+02 3.421850280761718750e+02 4.666999511718750000e+02
1.261671981811523438e+02 1.130547180175781250e+02 1.343712463378906250e+02 1.255351409912109375e+02
2.860758666992187500e+02 3.897654113769531250e+02 2.924202270507812500e+02 4.032771911621093750e+02
2.069585418701171875e+02 3.242630958557128906e+00 2.123220367431640625e+02 1.251539707183837891e+01
