5.599146118164062500e+02 2.949999389648437500e+02 5.715617065429687500e+02 3.068975830078125000e+02
6.298286743164062500e+02 6.706228637695312500e+01 6.385870971679687500e+02 8.816300964355468750e+01
1.934577636718750000e+02 4.696544799804687500e+02 2.035057373046875000e+02 4.807147827148437500e+02
5.954684448242187500e+02 5.035685729980468750e+02 6.044667358398437500e+02 5.172286987304687500e+02
4.949315185546875000e+02 5.324767456054687500e+02 5.044749145507812500e+02 5.500081176757812500e+02
4.566229553222656250e+02 3.856173400878906250e+02 4.658423767089843750e+02 3.992001037597656250e+02
8.716244506835937500e+01 2.029470062255859375e+02 9.495500183105468750e+01 2.138790435791015625e+02
4.922949218750000000e+02 2.568610534667968750e+02 5.002924194335937500e+02 2.690290222167968750e+02
2.643284912109375000e+02 1.137778778076171875e+02 2.714125976562500000e+02 1.240989685058593750e+02
5.848245239257812500e+02 4.473801574707031250e+02 5.936698608398437500e+02 4.614039611816406250e+02
6.839630889892578125e+01 4.599173889160156250e+02 7.711777496337890625e+01 4.714406433105468750e+02
1.525215759277343750e+02 1.922573089599609375e+02 1.593657226562500000e+02 2.042566986083984375e+02
1.790911407470703125e+02 3.097634277343750000e+02 1.864802703857421875e+02 3.242655029296875000e+02
1.676813964843750000e+02 2.291329193115234375e+02 1.756207580566406250e+02 2.395420379638671875e+02
4.732159729003906250e+02 6.048436279296875000e+02 4.807655944824218750e+02 6.169879150390625000e+02
5.447707519531250000e+02 3.337644042968750000e+02 5.523739013671875000e+02 3.448211059570312500e+02
1.999288330078125000e+02 3.439343872070312500e+02 2.063608093261718750e+02 3.573087158203125000e+02
1.965539245605468750e+02 1.007057800292968750e+02 2.031487731933593750e+02 1.108639526367187500e+02
7.910420894622802734e-01 1.757081146240234375e+02 7.442245483398437500e+00 1.865827178955078125e+02
4.989284667968750000e+02 6.562942504882812500e+01 5.063434448242187500e+02 7.647282409667968750e+01
3.787057800292968750e+02 4.355392761230468750e+02 3.857908020019531250e+02 4.459052429199218750e+02
1.550502204895019531e+01 9.153986358642578125e+01 2.405901527404785156e+01 1.028262863159179688e+02
4.192300109863281250e+02 1.148311767578125000e+02 4.270641174316406250e+02 1.257483215332031250e+02
2.705952453613281250e+02 5.503165893554687500e+02 2.783848571777343750e+02 5.617113647460937500e+02
2.489268951416015625e+02 3.572085571289062500e+02 2.565239562988281250e+02 3.685104980468750000e+02
2.011016082763671875e+02 3.304511413574218750e+02 2.072321624755859375e+02 3.459422912597656250e+02
6.119066162109375000e+02 3.216517639160156250e+01 6.195723876953125000e+02 4.565715026855468750e+01
5.246522216796875000e+02 5.742862548828125000e+02 5.347241210937500000e+02 5.899023437500000000e+02
3.920757293701171875e+01 3.539182128906250000e+02 4.677914428710937500e+01 3.651291503906250000e+02
5.201975708007812500e+02 1.638447570800781250e+02 5.277914428710937500e+02 1.777489318847656250e+02
5.317556762695312500e+02 5.803928833007812500e+02 5.397752075195312500e+02 5.949948120117187500e+02
5.576983642578125000e+01 2.256519622802734375e+02 6.283547210693359375e+01 2.371190948486328125e+02
2.075119171142578125e+02 6.123714599609375000e+02 2.141689300537109375e+02 6.226221923828125000e+02
2.205634613037109375e+02 2.765283966064453125e+01 2.297617340087890625e+02 4.242282104492187500e+01
1.072740554809570312e-02 6.166552124023437500e+02 4.155025959014892578e+00 6.285940551757812500e+02
3.903562011718750000e+02 2.206137390136718750e+02 3.976759033203125000e+02 2.321728210449218750e+02
6.259802627563476562e+01 5.189229736328125000e+02 6.998935699462890625e+01 5.297760009765625000e+02
4.384508361816406250e+02 1.827849884033203125e+02 4.455341491699218750e+02 1.974584503173828125e+02
3.781894531250000000e+02 4.723393859863281250e+02 3.840124511718750000e+02 4.840769958496093750e+02
1.814884338378906250e+02 1.992255249023437500e+02 1.884945983886718750e+02 2.129388122558593750e+02
1.574852752685546875e+02 2.266393737792968750e+02 1.640442352294921875e+02 2.361682128906250000e+02
5.218821411132812500e+02 4.366831970214843750e+02 5.281065063476562500e+02 4.463258361816406250e+02
6.216699218750000000e+02 3.216893310546875000e+02 6.288638916015625000e+02 3.329334106445312500e+02
