2.195602722167968750e+02 4.686608886718750000e+02 2.302417907714843750e+02 4.815194702148437500e+02
2.026475372314453125e+02 8.429303741455078125e+01 2.135017547607421875e+02 9.817661285400390625e+01
4.373340148925781250e+02 1.049443664550781250e+02 4.466769104003906250e+02 1.192852325439453125e+02
2.150747222900390625e+02 3.094639587402343750e+02 2.240233001708984375e+02 3.271235656738281250e+02
2.457089233398437500e+02 1.414523773193359375e+02 2.538519897460937500e+02 1.544146270751953125e+02
3.397170104980468750e+02 5.109638977050781250e+02 3.488816833496093750e+02 5.250753173828125000e+02
7.348696899414062500e+01 3.403468017578125000e+02 8.252256774902343750e+01 3.548887939453125000e+02
3.692232055664062500e+02 3.533561706542968750e+02 3.799961547851562500e+02 3.653641052246093750e+02
1.069811820983886719e+00 5.514277343750000000e+02 8.682385444641113281e+00 5.633516845703125000e+02
4.744107360839843750e+02 1.698035430908203125e+02 4.820818786621093750e+02 1.816967926025390625e+02
1.714114685058593750e+02 1.324590301513671875e+02 1.788632507324218750e+02 1.435018463134765625e+02
3.288624877929687500e+02 4.590946960449218750e+02 3.371241455078125000e+02 4.713520202636718750e+02
3.008294372558593750e+02 2.420273895263671875e+02 3.090048522949218750e+02 2.538586273193359375e+02
6.050295410156250000e+02 1.921997222900390625e+02 6.132390136718750000e+02 2.040988616943359375e+02
1.546484680175781250e+02 5.116742248535156250e+02 1.624720764160156250e+02 5.232686157226562500e+02
3.334523391723632812e+01 2.734222106933593750e+02 4.080749893188476562e+01 2.846796569824218750e+02
3.769451904296875000e+02 2.165793609619140625e+02 3.847802124023437500e+02 2.271420745849609375e+02
7.342156982421875000e+01 1.251125564575195312e+02 8.105412292480468750e+01 1.367468414306640625e+02
6.112322387695312500e+02 1.418991470336914062e+01 6.190444946289062500e+02 2.567482376098632812e+01
2.761025390625000000e+02 2.550084838867187500e+02 2.830394897460937500e+02 2.650999755859375000e+02
4.923087768554687500e+02 5.179835205078125000e+02 5.001512451171875000e+02 5.303315429687500000e+02
3.148903503417968750e+02 4.979141540527343750e+02 3.230406188964843750e+02 5.098454895019531250e+02
2.369683837890625000e+02 3.234925537109375000e+02 2.446797485351562500e+02 3.352807617187500000e+02
8.777915954589843750e+00 6.111387939453125000e+02 1.659022903442382812e+01 6.222956542968750000e+02
4.714764709472656250e+02 4.187203674316406250e+02 4.794532165527343750e+02 4.301756896972656250e+02
4.898968200683593750e+02 4.738683471679687500e+02 5.005444641113281250e+02 4.864140625000000000e+02
1.801256179809570312e+01 4.722593383789062500e+02 2.614304733276367188e+01 4.840601806640625000e+02
2.147456512451171875e+02 4.576037597656250000e+01 2.292077178955078125e+02 6.167488861083984375e+01
2.777052307128906250e+02 2.639521789550781250e+02 2.849964904785156250e+02 2.742310485839843750e+02
5.260052490234375000e+02 6.143280639648437500e+02 5.348110351562500000e+02 6.314916381835937500e+02
3.062760314941406250e+02 3.271607055664062500e+02 3.163446350097656250e+02 3.400288696289062500e+02
1.176111831665039062e+02 5.901358642578125000e+02 1.258111495971679688e+02 6.021035156250000000e+02
3.206795349121093750e+02 5.901218872070312500e+02 3.279729309082031250e+02 5.994098510742187500e+02
