2.973890380859375000e+02 4.947487487792968750e+02 3.090825195312500000e+02 5.068314514160156250e+02
5.491115112304687500e+02 3.049431152343750000e+02 5.598081665039062500e+02 3.158648071289062500e+02
3.069169311523437500e+02 4.762386703491210938e+01 3.181041870117187500e+02 5.992313003540039062e+01
4.143431091308593750e+02 3.003077316284179688e+01 4.225840759277343750e+02 4.007628250122070312e+01
9.608085632324218750e+01 4.536534423828125000e+02 1.039370574951171875e+02 4.653359375000000000e+02
3.341068115234375000e+02 3.493929748535156250e+02 3.421705932617187500e+02 3.608971862792968750e+02
4.394685058593750000e+02 7.494493103027343750e+01 4.469812011718750000e+02 8.542591857910156250e+01
2.149401283264160156e+01 3.697323303222656250e+02 2.879477500915527344e+01 3.791300964355468750e+02
1.716556396484375000e+02 1.679256591796875000e+02 1.815186462402343750e+02 1.885100097656250000e+02
3.307131652832031250e+02 5.889494628906250000e+02 3.388648986816406250e+02 5.995096435546875000e+02
7.837767791748046875e+01 3.873392639160156250e+02 8.455059051513671875e+01 3.970472106933593750e+02
2.546237792968750000e+02 4.373274841308593750e+02 2.609652709960937500e+02 4.472200012207031250e+02
1.032734680175781250e+02 9.585944366455078125e+01 1.096476440429687500e+02 1.078989944458007812e+02
3.053451156616210938e+01 2.642082214355468750e+02 3.734742355346679688e+01 2.740253601074218750e+02
5.506090164184570312e+01 4.053361511230468750e+02 6.227896499633789062e+01 4.146263122558593750e+02
9.766816711425781250e+01 2.752651367187500000e+02 1.044458770751953125e+02 2.846845092773437500e+02
2.612922668457031250e+02 1.187293701171875000e+02 2.681302795410156250e+02 1.285186614990234375e+02
4.815409851074218750e+02 4.335895690917968750e+02 4.885630798339843750e+02 4.444202575683593750e+02
5.180666503906250000e+02 4.616999511718750000e+02 5.250751953125000000e+02 4.724422607421875000e+02
2.684073791503906250e+02 4.646196899414062500e+02 2.750287170410156250e+02 4.739423828125000000e+02
4.194433898925781250e+02 4.486691589355468750e+02 4.262279968261718750e+02 4.581418762207031250e+02
1.319401550292968750e+02 2.538202819824218750e+02 1.380824584960937500e+02 2.650528259277343750e+02
2.406599578857421875e+02 3.219440078735351562e+01 2.472995452880859375e+02 4.122481918334960938e+01
3.632502441406250000e+02 2.914925842285156250e+02 3.729943847656250000e+02 3.033395080566406250e+02
6.350726318359375000e+02 1.036752471923828125e+02 6.399536132812500000e+02 1.154428253173828125e+02
4.903672790527343750e+02 2.415203247070312500e+02 4.972781677246093750e+02 2.522225952148437500e+02
4.517807617187500000e+02 4.472974853515625000e+02 4.586134643554687500e+02 4.572170410156250000e+02
1.322220764160156250e+02 2.736260375976562500e+02 1.383327636718750000e+02 2.826004028320312500e+02
6.830128479003906250e+01 1.709434204101562500e+02 7.490602111816406250e+01 1.804682617187500000e+02
1.797221527099609375e+02 5.806071777343750000e+02 1.871673736572265625e+02 5.923085937500000000e+02
6.343619384765625000e+02 5.060947570800781250e+02 6.400000000000000000e+02 5.233924560546875000e+02
1.782232856750488281e+01 5.785375976562500000e+02 2.448602867126464844e+01 5.882325439453125000e+02
4.585146903991699219e-03 9.805084228515625000e+01 3.763685226440429688e+00 1.080657653808593750e+02
