3.942034606933593750e+02 4.536375045776367188e+01 4.013064880371093750e+02 5.637696456909179688e+01
1.058526687622070312e+02 7.945452213287353516e+00 1.127389450073242188e+02 2.200449180603027344e+01
1.920307769775390625e+02 1.061879577636718750e+02 2.001212005615234375e+02 1.278834533691406250e+02
3.042428970336914062e+01 3.281436157226562500e+02 3.932469558715820312e+01 3.436311035156250000e+02
3.297823791503906250e+02 4.399964904785156250e+02 3.369351501464843750e+02 4.540776672363281250e+02
6.307330932617187500e+02 4.039296264648437500e+02 6.378784790039062500e+02 4.177651977539062500e+02
2.058313751220703125e+02 1.830738220214843750e+02 2.136034088134765625e+02 1.955270690917968750e+02
1.101727066040039062e+02 1.121214294433593750e+02 1.177006454467773438e+02 1.244027099609375000e+02
4.657253417968750000e+02 3.851051940917968750e+02 4.743521118164062500e+02 3.967634582519531250e+02
5.138009643554687500e+02 4.677256774902343750e+01 5.207879028320312500e+02 6.129367828369140625e+01
2.763812561035156250e+02 6.308332824707031250e+01 2.841499328613281250e+02 7.408670043945312500e+01
2.342037048339843750e+02 2.986348876953125000e+02 2.424002990722656250e+02 3.083152465820312500e+02
6.344188232421875000e+02 4.669279785156250000e+02 6.400000000000000000e+02 4.767572021484375000e+02
1.439727630615234375e+02 5.731522827148437500e+02 1.536789093017578125e+02 5.855730590820312500e+02
5.667263183593750000e+02 3.234402770996093750e+02 5.743983154296875000e+02 3.353699035644531250e+02
4.881108093261718750e+02 3.916886901855468750e+02 4.961133117675781250e+02 4.038763732910156250e+02
4.624540100097656250e+02 2.378858947753906250e+02 4.711338806152343750e+02 2.481227416992187500e+02
1.080876235961914062e+02 5.407454833984375000e+02 1.157773056030273438e+02 5.550223388671875000e+02
5.330812377929687500e+02 3.277823181152343750e+02 5.398906860351562500e+02 3.392528991699218750e+02
4.308482666015625000e+02 1.327702026367187500e+02 4.369613037109375000e+02 1.435268859863281250e+02
2.172410583496093750e+02 2.072350769042968750e+02 2.231121520996093750e+02 2.169013061523437500e+02
2.230372428894042969e+01 2.390105133056640625e+02 3.025315666198730469e+01 2.486695404052734375e+02
3.462129821777343750e+02 4.507925109863281250e+02 3.524090270996093750e+02 4.620742492675781250e+02
2.608909301757812500e+02 2.921059875488281250e+02 2.680878906250000000e+02 3.012412414550781250e+02
1.102428817749023438e+01 5.010534362792968750e+02 1.944142150878906250e+01 5.128004760742187500e+02
4.890946960449218750e+02 3.628314819335937500e+02 4.951705627441406250e+02 3.726319580078125000e+02
3.689486999511718750e+02 6.190029907226562500e+02 3.772155456542968750e+02 6.297703247070312500e+02
4.427098388671875000e+02 5.018717956542968750e+01 4.487763671875000000e+02 5.938290405273437500e+01
4.180554504394531250e+02 1.788535614013671875e+02 4.242757263183593750e+02 1.879507293701171875e+02
4.117389526367187500e+02 4.422205505371093750e+02 4.179632568359375000e+02 4.513946838378906250e+02
5.080878295898437500e+02 3.578815917968750000e+02 5.144409179687500000e+02 3.672097167968750000e+02
5.677400512695312500e+02 2.164677581787109375e+02 5.765559692382812500e+02 2.353375701904296875e+02
1.928174896240234375e+02 5.168815917968750000e+02 1.996594390869140625e+02 5.268347167968750000e+02
2.017534332275390625e+02 1.208901062011718750e+02 2.088441009521484375e+02 1.291324615478515625e+02
3.745098876953125000e+01 5.712937622070312500e+02 4.464263153076171875e+01 5.817963256835937500e+02
1.631114349365234375e+02 3.546967163085937500e+02 1.714630584716796875e+02 3.646429443359375000e+02
2.686917724609375000e+02 1.537713165283203125e+02 2.741880493164062500e+02 1.617799530029296875e+02
