4.043674621582031250e+02 1.243994750976562500e+02 4.141525573730468750e+02 1.421475524902343750e+02
3.626618041992187500e+02 9.995753479003906250e+01 3.703477783203125000e+02 1.182536010742187500e+02
1.488814086914062500e+02 8.269899368286132812e+00 1.580215454101562500e+02 2.174091911315917969e+01
5.373699951171875000e+02 4.362631835937500000e+02 5.489677734375000000e+02 4.472885131835937500e+02
1.576098632812500000e+02 4.168799438476562500e+02 1.656627807617187500e+02 4.293636474609375000e+02
5.138266372680664062e+01 1.132740783691406250e+02 5.956956100463867188e+01 1.245767211914062500e+02
5.485973510742187500e+02 2.041613464355468750e+02 5.569558715820312500e+02 2.207110900878906250e+02
1.833516845703125000e+02 2.109609527587890625e+02 1.906231689453125000e+02 2.246651458740234375e+02
1.114038085937500000e+02 5.412303543090820312e+01 1.190391845703125000e+02 6.603703308105468750e+01
5.361596069335937500e+02 2.327491912841796875e+02 5.436543579101562500e+02 2.470495147705078125e+02
3.862240905761718750e+02 1.749409027099609375e+02 3.926126403808593750e+02 1.861700592041015625e+02
1.836229095458984375e+02 4.852933044433593750e+02 1.915256805419921875e+02 4.992261047363281250e+02
5.097967529296875000e+02 1.370188426971435547e+01 5.171417236328125000e+02 2.687773513793945312e+01
2.845458984375000000e+02 3.137332534790039062e+01 2.908101806640625000e+02 4.105573654174804688e+01
6.028246459960937500e+02 2.343880462646484375e+02 6.107689819335937500e+02 2.448982391357421875e+02
3.487653503417968750e+02 4.197481079101562500e+02 3.551764831542968750e+02 4.310357666015625000e+02
4.824622192382812500e+02 1.481045532226562500e+02 4.897111206054687500e+02 1.593533935546875000e+02
3.675889587402343750e+02 4.837585449218750000e+02 3.743401184082031250e+02 4.946265869140625000e+02
9.609838867187500000e+01 5.933394165039062500e+02 1.037803192138671875e+02 6.040385131835937500e+02
3.844115829467773438e+01 1.264304580688476562e+02 4.563495254516601562e+01 1.367515563964843750e+02
1.819293518066406250e+02 5.034948120117187500e+02 1.893048400878906250e+02 5.136834106445312500e+02
6.000129394531250000e+02 6.396118927001953125e+01 6.102322998046875000e+02 7.467867279052734375e+01
4.460176086425781250e+02 8.001248168945312500e+01 4.526260070800781250e+02 8.960060119628906250e+01
4.379789428710937500e+02 1.272373046875000000e+02 4.443671875000000000e+02 1.366411437988281250e+02
3.688191528320312500e+02 5.939976196289062500e+02 3.753853759765625000e+02 6.042710571289062500e+02
6.417266845703125000e+00 8.573990631103515625e+01 1.432562255859375000e+01 9.623688507080078125e+01
9.536897277832031250e+01 4.496919555664062500e+02 1.020191345214843750e+02 4.598919067382812500e+02
3.837610721588134766e+00 1.881089477539062500e+02 1.242802047729492188e+01 1.986336364746093750e+02
5.669943237304687500e+02 6.257064208984375000e+02 5.739281616210937500e+02 6.369083251953125000e+02
6.134783935546875000e+01 1.846517181396484375e+02 6.861207580566406250e+01 1.948036346435546875e+02
1.368579254150390625e+02 4.282556152343750000e+02 1.437740631103515625e+02 4.380783691406250000e+02
3.748205566406250000e+02 2.553489532470703125e+02 3.822448730468750000e+02 2.685535888671875000e+02
2.321223831176757812e+01 3.942649841308593750e+02 3.059550094604492188e+01 4.049666442871093750e+02
2.544419555664062500e+02 1.942366333007812500e+02 2.611357421875000000e+02 2.043323364257812500e+02
3.368667602539062500e+02 2.587760314941406250e+02 3.429669799804687500e+02 2.675986633300781250e+02
8.988411712646484375e+01 1.796754913330078125e+02 9.767629241943359375e+01 1.900612945556640625e+02
2.827928161621093750e+02 4.060915527343750000e+02 2.933058166503906250e+02 4.182870483398437500e+02
5.093122482299804688e+01 3.616214294433593750e+02 6.044296646118164062e+01 3.732668151855468750e+02
5.414291992187500000e+02 1.464927368164062500e+02 5.478530273437500000e+02 1.576791992187500000e+02
3.685074157714843750e+02 2.886607360839843750e+02 3.768006896972656250e+02 3.001185607910156250e+02
3.949351501464843750e+02 2.600343933105468750e+02 4.008056335449218750e+02 2.688234558105468750e+02
3.556174621582031250e+02 3.393074951171875000e+02 3.643332824707031250e+02 3.501181640625000000e+02
2.958535766601562500e+02 1.896818389892578125e+02 3.025515747070312500e+02 1.996485748291015625e+02
4.235971069335937500e+02 3.976323547363281250e+02 4.306631469726562500e+02 4.149304504394531250e+02
1.895952224731445312e-02 6.242905883789062500e+02 4.707887172698974609e+00 6.370819702148437500e+02
4.843060302734375000e+02 5.309522094726562500e+02 4.920322265625000000e+02 5.414856567382812500e+02
3.307169799804687500e+02 6.242970581054687500e+02 3.398877563476562500e+02 6.391967163085937500e+02
1.813516616821289062e+00 2.690834655761718750e+02 1.024570465087890625e+01 2.820238342285156250e+02
