3.689185791015625000e+02 1.326173248291015625e+02 3.766612548828125000e+02 1.476595916748046875e+02
5.195639038085937500e+01 2.978505249023437500e+02 5.927871704101562500e+01 3.166257934570312500e+02
3.693144836425781250e+02 2.172588500976562500e+02 3.757189636230468750e+02 2.310421752929687500e+02
6.673605346679687500e+01 2.309598388671875000e+02 7.684988403320312500e+01 2.400948791503906250e+02
1.037753906250000000e+02 5.479967651367187500e+02 1.128641052246093750e+02 5.629542846679687500e+02
4.517473144531250000e+02 2.846478576660156250e+02 4.589111938476562500e+02 3.025949401855468750e+02
1.811736602783203125e+02 2.692803573608398438e+01 1.893801116943359375e+02 3.712148666381835938e+01
2.313420257568359375e+02 9.930740356445312500e+01 2.391671600341796875e+02 1.114799041748046875e+02
1.608342590332031250e+02 3.842609024047851562e+01 1.671542968750000000e+02 4.924755477905273438e+01
2.894602584838867188e+01 5.198697509765625000e+02 3.608052444458007812e+01 5.307945556640625000e+02
1.455095977783203125e+02 4.689336242675781250e+02 1.547714080810546875e+02 4.791553649902343750e+02
4.873657531738281250e+02 4.543361816406250000e+02 4.951023864746093750e+02 4.656362915039062500e+02
4.006622314453125000e+02 2.347800140380859375e+02 4.079113769531250000e+02 2.439023284912109375e+02
2.307164459228515625e+02 2.388589324951171875e+02 2.367661895751953125e+02 2.500787506103515625e+02
6.345742187500000000e+02 9.003742218017578125e+01 6.400000000000000000e+02 1.007030258178710938e+02
1.669228210449218750e+02 5.769305419921875000e+02 1.760162048339843750e+02 5.872819824218750000e+02
4.535678710937500000e+02 2.139856719970703125e+02 4.607227783203125000e+02 2.269720611572265625e+02
5.279804077148437500e+02 2.780724182128906250e+02 5.344207153320312500e+02 2.877270202636718750e+02
2.177787933349609375e+02 2.639992675781250000e+02 2.260350494384765625e+02 2.734464111328125000e+02
6.062403564453125000e+02 3.978104553222656250e+02 6.131481933593750000e+02 4.076796569824218750e+02
1.494410552978515625e+02 1.368825683593750000e+02 1.561447601318359375e+02 1.464123229980468750e+02
3.694844970703125000e+02 1.754215545654296875e+02 3.773840332031250000e+02 1.845666351318359375e+02
6.167058715820312500e+02 5.398767089843750000e+02 6.269794311523437500e+02 5.578493652343750000e+02
2.537000427246093750e+02 5.019817199707031250e+02 2.607643737792968750e+02 5.117843933105468750e+02
3.707805175781250000e+02 3.771160278320312500e+02 3.790310668945312500e+02 3.884297485351562500e+02
2.740616149902343750e+02 5.501973876953125000e+02 2.817073669433593750e+02 5.619981689453125000e+02
5.513652954101562500e+02 4.064679870605468750e+02 5.610033569335937500e+02 4.157499084472656250e+02
4.664185485839843750e+02 4.109152221679687500e+02 4.733374328613281250e+02 4.211174926757812500e+02
3.904047393798828125e+01 4.843938598632812500e+02 4.730019378662109375e+01 4.940489501953125000e+02
5.998641357421875000e+02 5.594581909179687500e+02 6.069711914062500000e+02 5.717305297851562500e+02
4.773681030273437500e+02 1.984072723388671875e+02 4.885979614257812500e+02 2.090987396240234375e+02
5.212758789062500000e+02 3.065917968750000000e+02 5.280012207031250000e+02 3.173258666992187500e+02
2.717648620605468750e+02 2.147694702148437500e+02 2.785298156738281250e+02 2.245641784667968750e+02
2.331467742919921875e+02 5.781746826171875000e+02 2.398711090087890625e+02 5.891551513671875000e+02
5.005831146240234375e+01 4.528248901367187500e+02 5.709112548828125000e+01 4.631608276367187500e+02
3.690896606445312500e+02 1.622446136474609375e+02 3.761860961914062500e+02 1.723078460693359375e+02
2.040778045654296875e+02 4.625146789550781250e+02 2.101876373291015625e+02 4.735675354003906250e+02
7.403326416015625000e+01 2.451723022460937500e+02 8.098956298828125000e+01 2.545823059082031250e+02
2.603043212890625000e+02 1.472034912109375000e+02 2.666433715820312500e+02 1.574703063964843750e+02
1.192497406005859375e+02 4.351300659179687500e+02 1.256562042236328125e+02 4.446943969726562500e+02
2.071262054443359375e+02 2.607716674804687500e+02 2.126145477294921875e+02 2.692059326171875000e+02
4.632684326171875000e+02 2.209911346435546875e+02 4.714296875000000000e+02 2.437316131591796875e+02
3.113185119628906250e+02 5.438105468750000000e+02 3.173425598144531250e+02 5.544796142578125000e+02
6.363266601562500000e+02 1.146647262573242188e+02 6.399481201171875000e+02 1.271438369750976562e+02
3.161315612792968750e+02 5.448383789062500000e+02 3.219776916503906250e+02 5.567958984375000000e+02
