4.952859802246093750e+02 2.553515930175781250e+02 5.045162658691406250e+02 2.746174011230468750e+02
1.458430480957031250e+02 2.453762207031250000e+02 1.539855041503906250e+02 2.660966186523437500e+02
2.885547790527343750e+02 7.589445114135742188e-01 2.980950622558593750e+02 1.064684867858886719e+01
3.026753234863281250e+02 5.612189331054687500e+02 3.162749938964843750e+02 5.722536010742187500e+02
1.696430969238281250e+02 1.642374038696289062e+01 1.784646911621093750e+02 2.642851638793945312e+01
7.679251098632812500e+01 1.168403091430664062e+02 8.401321411132812500e+01 1.284004974365234375e+02
5.250087280273437500e+02 3.273822937011718750e+02 5.318618774414062500e+02 3.404604797363281250e+02
5.762168579101562500e+02 3.460275878906250000e+02 5.833099975585937500e+02 3.584265747070312500e+02
1.703548278808593750e+02 1.200622558593750000e+02 1.767940673828125000e+02 1.319497833251953125e+02
6.155225830078125000e+02 1.341577911376953125e+02 6.280599365234375000e+02 1.487017059326171875e+02
5.397435302734375000e+02 2.929417114257812500e+02 5.468588867187500000e+02 3.051636352539062500e+02
5.671433105468750000e+02 3.844635925292968750e+02 5.743417968750000000e+02 3.961714172363281250e+02
3.033498840332031250e+02 3.143087463378906250e+02 3.102157287597656250e+02 3.247726135253906250e+02
4.618483276367187500e+02 5.668845825195312500e+02 4.697725830078125000e+02 5.790588989257812500e+02
4.172970886230468750e+02 3.515740356445312500e+02 4.245830993652343750e+02 3.632154541015625000e+02
6.353569335937500000e+02 3.883176879882812500e+02 6.400000000000000000e+02 4.000214233398437500e+02
1.802052917480468750e+02 1.094565811157226562e+02 1.865984802246093750e+02 1.202815170288085938e+02
6.188331985473632812e+01 4.741122436523437500e+02 6.931869506835937500e+01 4.847559204101562500e+02
3.756562194824218750e+02 5.311638355255126953e+00 3.825820007324218750e+02 1.558754158020019531e+01
1.185447311401367188e+02 3.406513366699218750e+02 1.250314865112304688e+02 3.508545227050781250e+02
1.411867370605468750e+02 4.804926757812500000e+02 1.484761352539062500e+02 4.921937255859375000e+02
2.580827713012695312e+01 3.218233108520507812e+01 3.281933975219726562e+01 4.280667495727539062e+01
1.385972442626953125e+02 5.435953369140625000e+02 1.463359527587890625e+02 5.534652099609375000e+02
4.171491699218750000e+02 3.711175537109375000e+01 4.233981323242187500e+02 4.674182891845703125e+01
3.511594238281250000e+02 1.340248413085937500e+02 3.582587890625000000e+02 1.438646545410156250e+02
2.885998840332031250e+02 5.417297363281250000e+02 2.961787414550781250e+02 5.543726806640625000e+02
3.561344528198242188e+01 1.063144531250000000e+02 4.336521530151367188e+01 1.185543670654296875e+02
4.865770263671875000e+02 1.422924041748046875e+02 4.932096557617187500e+02 1.511948699951171875e+02
3.495974731445312500e+02 6.262981567382812500e+02 3.574140625000000000e+02 6.377572631835937500e+02
1.867033843994140625e+02 8.826392364501953125e+01 1.931430206298828125e+02 9.753438568115234375e+01
3.389344482421875000e+02 5.267592163085937500e+02 3.448796997070312500e+02 5.381267700195312500e+02
2.294368591308593750e+02 4.482650756835937500e+02 2.361773376464843750e+02 4.591185302734375000e+02
1.621327018737792969e+01 4.573619079589843750e+02 2.551684761047363281e+01 4.675238342285156250e+02
2.987930297851562500e+02 4.410730285644531250e+02 3.055474243164062500e+02 4.513277282714843750e+02
4.794663696289062500e+02 5.013572692871093750e+01 4.864385986328125000e+02 6.005632019042968750e+01
4.781091613769531250e+02 2.008917999267578125e+02 4.842436828613281250e+02 2.096517486572265625e+02
2.905654907226562500e+02 1.407410278320312500e+02 2.961875610351562500e+02 1.494197082519531250e+02
2.823762817382812500e+02 1.421942596435546875e+02 2.899367065429687500e+02 1.523989410400390625e+02
1.335998535156250000e+02 4.622422180175781250e+02 1.397185974121093750e+02 4.711894836425781250e+02
4.219718322753906250e+02 3.079660949707031250e+02 4.296632385253906250e+02 3.180762634277343750e+02
3.845178222656250000e+02 5.179741821289062500e+02 3.914534912109375000e+02 5.279462280273437500e+02
2.460799407958984375e+01 3.920916137695312500e+02 3.102198028564453125e+01 4.026295776367187500e+02
5.141458511352539062e+01 7.021535491943359375e+01 5.725716781616210938e+01 7.829259490966796875e+01
7.261861419677734375e+01 2.954916381835937500e+02 7.976569366455078125e+01 3.046991577148437500e+02
4.957390747070312500e+02 4.732198181152343750e+02 5.017473144531250000e+02 4.817585144042968750e+02
