1.055855026245117188e+02 2.518806610107421875e+02 1.141955795288085938e+02 2.693536071777343750e+02
3.628176498413085938e+01 6.019093017578125000e+02 5.017591476440429688e+01 6.150214843750000000e+02
6.212493286132812500e+02 1.430618438720703125e+02 6.302975463867187500e+02 1.569216156005859375e+02
2.819735717773437500e+02 2.130608825683593750e+02 2.922800292968750000e+02 2.280605163574218750e+02
5.791613159179687500e+02 3.010833740234375000e+02 5.892922973632812500e+02 3.148295288085937500e+02
0.000000000000000000e+00 3.474367065429687500e+02 5.612739562988281250e+00 3.587603759765625000e+02
3.020486450195312500e+02 2.319818115234375000e+02 3.134974975585937500e+02 2.450108642578125000e+02
9.652680206298828125e+01 3.912570190429687500e+02 1.037644577026367188e+02 4.040347290039062500e+02
2.262531127929687500e+02 1.555124664306640625e+02 2.379667663574218750e+02 1.690264434814453125e+02
6.269764404296875000e+02 2.118955383300781250e+02 6.361491699218750000e+02 2.247194824218750000e+02
2.777160034179687500e+02 1.697777099609375000e+02 2.887415161132812500e+02 1.827006225585937500e+02
8.149884796142578125e+01 1.718921203613281250e+02 8.864629364013671875e+01 1.848469848632812500e+02
5.154375000000000000e+02 5.629485473632812500e+02 5.257041015625000000e+02 5.856227416992187500e+02
4.952643737792968750e+02 1.557254638671875000e+02 5.049402770996093750e+02 1.713764648437500000e+02
9.161684989929199219e+00 3.894817504882812500e+02 1.619585418701171875e+01 3.996761474609375000e+02
6.073934936523437500e+02 8.685089874267578125e+01 6.144512329101562500e+02 9.695346832275390625e+01
2.456562957763671875e+02 3.745643997192382812e+01 2.579697570800781250e+02 5.078814315795898438e+01
6.233547973632812500e+02 3.175356750488281250e+02 6.338244018554687500e+02 3.297541809082031250e+02
5.857410278320312500e+02 2.822566833496093750e+02 5.953364868164062500e+02 2.967452087402343750e+02
1.565409278869628906e+01 3.220144348144531250e+02 2.247076988220214844e+01 3.323647155761718750e+02
2.875845432281494141e-01 6.735877990722656250e+01 7.264478683471679688e+00 8.274510192871093750e+01
3.514085693359375000e+02 2.388988647460937500e+02 3.615109252929687500e+02 2.534033508300781250e+02
4.909519348144531250e+02 2.853216857910156250e+02 5.008580627441406250e+02 2.997704162597656250e+02
5.143341674804687500e+02 1.936190490722656250e+02 5.229445190429687500e+02 2.098665771484375000e+02
5.369326171875000000e+02 6.082603759765625000e+02 5.456857910156250000e+02 6.206188964843750000e+02
1.252428817749023438e+02 1.468062896728515625e+02 1.329736022949218750e+02 1.578200225830078125e+02
2.930180358886718750e+02 5.411713256835937500e+02 3.065160827636718750e+02 5.545361938476562500e+02
2.102881622314453125e+02 5.718154907226562500e+02 2.179924774169921875e+02 5.834161987304687500e+02
3.515491638183593750e+02 9.926058769226074219e+00 3.614757385253906250e+02 2.388525390625000000e+01
5.253944091796875000e+02 2.722322387695312500e+02 5.337521972656250000e+02 2.845296020507812500e+02
4.647682800292968750e+02 3.414211730957031250e+02 4.758380432128906250e+02 3.559868469238281250e+02
6.159406127929687500e+02 4.274839782714843750e+02 6.246019897460937500e+02 4.407873229980468750e+02
4.347487182617187500e+02 1.189599304199218750e+02 4.427534790039062500e+02 1.307743682861328125e+02
2.593346252441406250e+02 6.460437774658203125e+01 2.698083801269531250e+02 7.674456024169921875e+01
4.767261047363281250e+02 7.981317138671875000e+01 4.854922790527343750e+02 9.255821228027343750e+01
4.096381835937500000e+02 3.266183090209960938e+01 4.195732421875000000e+02 4.685626602172851562e+01
3.670302734375000000e+02 4.789902954101562500e+02 3.811082153320312500e+02 4.954512939453125000e+02
5.712670288085937500e+02 5.921872558593750000e+02 5.803130493164062500e+02 6.046873779296875000e+02
4.268658142089843750e+02 1.728915863037109375e+02 4.346393737792968750e+02 1.836095123291015625e+02
3.632782592773437500e+02 9.550881195068359375e+01 3.713881835937500000e+02 1.087736282348632812e+02
3.798753051757812500e+02 3.451150512695312500e+02 3.882563476562500000e+02 3.630189208984375000e+02
1.542914123535156250e+02 1.446454467773437500e+02 1.625069580078125000e+02 1.564880065917968750e+02
4.362686767578125000e+02 2.355261802673339844e+00 4.430941162109375000e+02 1.247861957550048828e+01
5.371066284179687500e+02 6.275736694335937500e+02 5.447412719726562500e+02 6.387448120117187500e+02
2.842790832519531250e+02 5.874141845703125000e+02 2.907931213378906250e+02 5.981367187500000000e+02
3.029386291503906250e+02 2.926159362792968750e+02 3.116866149902343750e+02 3.062085266113281250e+02
2.407645111083984375e+02 2.277407684326171875e+02 2.515916290283203125e+02 2.409579620361328125e+02
3.132117614746093750e+02 5.761565551757812500e+02 3.206534118652343750e+02 5.877770385742187500e+02
3.880786132812500000e+02 5.252556762695312500e+02 3.983817138671875000e+02 5.388286743164062500e+02
5.563704223632812500e+02 1.379400787353515625e+02 5.635922241210937500e+02 1.485583038330078125e+02
2.382984771728515625e+02 3.282964172363281250e+02 2.461897125244140625e+02 3.440337829589843750e+02
5.002969360351562500e+02 4.633431701660156250e+02 5.100465698242187500e+02 4.769141540527343750e+02
4.555585021972656250e+02 3.475605468750000000e+02 4.631659851074218750e+02 3.596292114257812500e+02
5.302711181640625000e+02 8.328206634521484375e+01 5.379385986328125000e+02 9.562546539306640625e+01
4.368879699707031250e+02 3.081344604492187500e+02 4.447809753417968750e+02 3.191991577148437500e+02
4.341085510253906250e+02 4.183666687011718750e+02 4.469428405761718750e+02 4.323952941894531250e+02
5.307921752929687500e+02 2.102536163330078125e+02 5.394719848632812500e+02 2.222005157470703125e+02
3.692230834960937500e+02 2.355831756591796875e+02 3.766384277343750000e+02 2.468973541259765625e+02
5.478146362304687500e+02 6.092150878906250000e+02 5.552575073242187500e+02 6.250466308593750000e+02
2.861045227050781250e+02 4.681690368652343750e+02 2.942190246582031250e+02 4.808447570800781250e+02
2.506087036132812500e+02 2.430552368164062500e+02 2.585772705078125000e+02 2.531455993652343750e+02
3.943130187988281250e+02 4.052747802734375000e+02 4.027969665527343750e+02 4.168918457031250000e+02
8.851419830322265625e+01 1.841352996826171875e+02 9.359764862060546875e+01 1.913767242431640625e+02
4.358700561523437500e+02 4.071731567382812500e+02 4.438095703125000000e+02 4.183892211914062500e+02
1.728592224121093750e+02 3.052304992675781250e+02 1.833540954589843750e+02 3.178799743652343750e+02
3.307230529785156250e+02 4.113783264160156250e+02 3.390418395996093750e+02 4.240030212402343750e+02
5.390869750976562500e+02 2.199658508300781250e+02 5.459144897460937500e+02 2.304518737792968750e+02
4.105439758300781250e+02 2.323497161865234375e+02 4.168238220214843750e+02 2.430231475830078125e+02
4.041603393554687500e+02 2.293304290771484375e+02 4.113019409179687500e+02 2.405909881591796875e+02
1.812893676757812500e+02 2.169920196533203125e+02 1.881648559570312500e+02 2.267105560302734375e+02
2.509655609130859375e+02 2.262130737304687500e+02 2.591278076171875000e+02 2.424903564453125000e+02
4.154172363281250000e+02 6.359017944335937500e+02 4.244336547851562500e+02 6.399633178710937500e+02
