3.070035705566406250e+02 4.751079177856445312e+01 3.182776794433593750e+02 5.991478347778320312e+01
5.487463989257812500e+02 3.050441894531250000e+02 5.598692016601562500e+02 3.157753295898437500e+02
6.341199340820312500e+02 5.071221008300781250e+02 6.400000000000000000e+02 5.234132690429687500e+02
2.977747802734375000e+02 4.950007324218750000e+02 3.093379516601562500e+02 5.066477050781250000e+02
3.342475280761718750e+02 3.493204040527343750e+02 3.421127624511718750e+02 3.606925964355468750e+02
9.622377777099609375e+01 4.534704589843750000e+02 1.039238052368164062e+02 4.655662231445312500e+02
1.318401794433593750e+02 2.534744873046875000e+02 1.381652832031250000e+02 2.651715698242187500e+02
2.612737426757812500e+02 1.187543411254882812e+02 2.681519775390625000e+02 1.287833404541015625e+02
1.031820755004882812e+02 9.591341400146484375e+01 1.099107742309570312e+02 1.082373886108398438e+02
4.817515258789062500e+02 4.338359375000000000e+02 4.885625000000000000e+02 4.443712768554687500e+02
4.393788146972656250e+02 7.505312347412109375e+01 4.471529846191406250e+02 8.567638397216796875e+01
3.309779663085937500e+02 5.888145141601562500e+02 3.390198364257812500e+02 5.995758666992187500e+02
3.635620422363281250e+02 2.919938659667968750e+02 3.725431213378906250e+02 3.031754455566406250e+02
3.054339981079101562e+01 2.641345214843750000e+02 3.769601821899414062e+01 2.743808593750000000e+02
4.518011779785156250e+02 4.473366699218750000e+02 4.585244445800781250e+02 4.570540161132812500e+02
5.500404739379882812e+01 4.054787902832031250e+02 6.229552078247070312e+01 4.143870544433593750e+02
4.905414123535156250e+02 2.418988800048828125e+02 4.974074401855468750e+02 2.521112518310546875e+02
5.184123535156250000e+02 4.619563293457031250e+02 5.251396484375000000e+02 4.723161315917968750e+02
4.142809143066406250e+02 2.985821342468261719e+01 4.224693908691406250e+02 4.020111465454101562e+01
9.774131774902343750e+01 2.752036132812500000e+02 1.045937652587890625e+02 2.846267700195312500e+02
6.349442749023437500e+02 1.041434783935546875e+02 6.397913208007812500e+02 1.149923400878906250e+02
2.686654663085937500e+02 4.650871887207031250e+02 2.749490966796875000e+02 4.738827819824218750e+02
7.826210021972656250e+01 3.870903625488281250e+02 8.492181396484375000e+01 3.974610900878906250e+02
2.548492431640625000e+02 4.374954833984375000e+02 2.609656372070312500e+02 4.471494140625000000e+02
1.322943572998046875e+02 2.733035888671875000e+02 1.383830108642578125e+02 2.823261718750000000e+02
2.404670715332031250e+02 3.197252273559570312e+01 2.474976806640625000e+02 4.177955245971679688e+01
2.133697700500488281e+01 3.693459777832031250e+02 2.917150306701660156e+01 3.794499816894531250e+02
4.196961059570312500e+02 4.486610717773437500e+02 4.261707763671875000e+02 4.580020751953125000e+02
6.854550170898437500e+01 1.708450317382812500e+02 7.494390869140625000e+01 1.805343933105468750e+02
1.780873870849609375e+01 5.781386718750000000e+02 2.486564636230468750e+01 5.883000488281250000e+02
1.719759979248046875e+02 1.704694061279296875e+02 1.811546783447265625e+02 1.883984222412109375e+02
0.000000000000000000e+00 9.831806182861328125e+01 3.787503719329833984e+00 1.087708969116210938e+02
1.797695465087890625e+02 5.806344604492187500e+02 1.871093597412109375e+02 5.923269653320312500e+02
4.181600036621093750e+02 5.147827758789062500e+02 4.244457092285156250e+02 5.279000854492187500e+02
