2.059183654785156250e+02 1.831910400390625000e+02 2.133305358886718750e+02 1.952551574707031250e+02
1.918024139404296875e+02 1.051866455078125000e+02 1.997470550537109375e+02 1.276278686523437500e+02
3.070586013793945312e+01 3.285511169433593750e+02 3.892783737182617188e+01 3.433139343261718750e+02
6.308449707031250000e+02 4.041440429687500000e+02 6.378197021484375000e+02 4.176018676757812500e+02
4.655885009765625000e+02 3.847755126953125000e+02 4.745482177734375000e+02 3.966352539062500000e+02
1.102556381225585938e+02 1.122509155273437500e+02 1.179982528686523438e+02 1.247246704101562500e+02
1.444215087890625000e+02 5.730213012695312500e+02 1.537214355468750000e+02 5.851642456054687500e+02
3.943381042480468750e+02 4.512825775146484375e+01 4.016935729980468750e+02 5.640076446533203125e+01
5.139067993164062500e+02 4.624907302856445312e+01 5.211286010742187500e+02 6.115059280395507812e+01
5.670296630859375000e+02 3.238534240722656250e+02 5.743054199218750000e+02 3.351862487792968750e+02
1.062928848266601562e+02 7.673884391784667969e+00 1.130811080932617188e+02 2.219551467895507812e+01
1.081296463012695312e+02 5.407623901367187500e+02 1.155493087768554688e+02 5.545053100585937500e+02
5.673222045898437500e+02 2.156662902832031250e+02 5.768706665039062500e+02 2.353591003417968750e+02
4.880256958007812500e+02 3.918312377929687500e+02 4.962854003906250000e+02 4.039869995117187500e+02
6.344704589843750000e+02 4.670044555664062500e+02 6.396334228515625000e+02 4.765368041992187500e+02
2.764045715332031250e+02 6.341726684570312500e+01 2.839894714355468750e+02 7.363981628417968750e+01
4.307889709472656250e+02 1.326268310546875000e+02 4.369081115722656250e+02 1.433233337402343750e+02
5.330876464843750000e+02 3.274596557617187500e+02 5.397642822265625000e+02 3.390592651367187500e+02
1.113310146331787109e+01 5.014463195800781250e+02 1.890682983398437500e+01 5.121519165039062500e+02
3.301026611328125000e+02 4.398582458496093750e+02 3.370993041992187500e+02 4.536982727050781250e+02
4.627915954589843750e+02 2.378063201904296875e+02 4.710719909667968750e+02 2.480827178955078125e+02
4.891384887695312500e+02 3.629152526855468750e+02 4.951032714843750000e+02 3.721961364746093750e+02
2.340471649169921875e+02 2.984045715332031250e+02 2.423722991943359375e+02 3.080771179199218750e+02
4.424179077148437500e+02 5.027971649169921875e+01 4.487660522460937500e+02 5.941828918457031250e+01
4.179862060546875000e+02 1.789719848632812500e+02 4.243128662109375000e+02 1.877572021484375000e+02
3.465899047851562500e+02 4.511350402832031250e+02 3.524930419921875000e+02 4.621916809082031250e+02
2.609143066406250000e+02 2.921508178710937500e+02 2.680346679687500000e+02 3.012831420898437500e+02
5.079713439941406250e+02 3.579303894042968750e+02 5.142988891601562500e+02 3.670791320800781250e+02
2.266783714294433594e+01 2.388720703125000000e+02 3.040033149719238281e+01 2.487872619628906250e+02
1.927279205322265625e+02 5.168603515625000000e+02 1.995994415283203125e+02 5.266917724609375000e+02
2.176687927246093750e+02 2.072923126220703125e+02 2.231550598144531250e+02 2.167938995361328125e+02
3.690151367187500000e+02 6.189152832031250000e+02 3.773272705078125000e+02 6.291885986328125000e+02
1.630234527587890625e+02 3.545527954101562500e+02 1.716878204345703125e+02 3.648943481445312500e+02
2.013770446777343750e+02 1.205975189208984375e+02 2.085307617187500000e+02 1.297305755615234375e+02
4.119166564941406250e+02 4.420993957519531250e+02 4.178568420410156250e+02 4.512335510253906250e+02
3.733281707763671875e+01 5.709896850585937500e+02 4.435642242431640625e+01 5.818273315429687500e+02
4.675561523437500000e+02 4.459246215820312500e+02 4.770817871093750000e+02 4.618508911132812500e+02
4.163563251495361328e-02 4.703767395019531250e+02 3.253977775573730469e+00 4.813751525878906250e+02
2.822845153808593750e+02 2.985508918762207031e+00 2.877580261230468750e+02 1.804208374023437500e+01
2.687624816894531250e+02 1.540409698486328125e+02 2.740528869628906250e+02 1.619233245849609375e+02
