4.041685791015625000e+02 1.241375274658203125e+02 4.146666870117187500e+02 1.426425323486328125e+02
1.488648986816406250e+02 8.411857604980468750e+00 1.578760681152343750e+02 2.151770019531250000e+01
4.825762634277343750e+02 1.483239288330078125e+02 4.899532165527343750e+02 1.591976165771484375e+02
1.572132263183593750e+02 4.170212402343750000e+02 1.656906433105468750e+02 4.294296264648437500e+02
4.233017578125000000e+02 3.974557495117187500e+02 4.307075195312500000e+02 4.158787841796875000e+02
6.000731811523437500e+02 6.419200897216796875e+01 6.103777465820312500e+02 7.464888763427734375e+01
3.626799621582031250e+02 9.932798767089843750e+01 3.703646545410156250e+02 1.181710662841796875e+02
5.488070068359375000e+02 2.040399475097656250e+02 5.568615722656250000e+02 2.203336791992187500e+02
3.749761657714843750e+02 2.556538085937500000e+02 3.824411926269531250e+02 2.682597045898437500e+02
1.834447937011718750e+02 2.113224639892578125e+02 1.902943420410156250e+02 2.239829864501953125e+02
5.098209228515625000e+02 1.380937004089355469e+01 5.167531738281250000e+02 2.659922981262207031e+01
5.373154907226562500e+02 4.364155578613281250e+02 5.493357543945312500e+02 4.478183288574218750e+02
3.684446716308593750e+02 2.887599487304687500e+02 3.764233093261718750e+02 3.002922363281250000e+02
1.839391784667968750e+02 4.845610656738281250e+02 1.917100219726562500e+02 4.985707702636718750e+02
3.673123779296875000e+02 4.837179870605468750e+02 3.744253540039062500e+02 4.945954284667968750e+02
5.363048706054687500e+02 2.325668792724609375e+02 5.440040893554687500e+02 2.470135040283203125e+02
1.009552478790283203e+00 2.690647277832031250e+02 1.008866310119628906e+01 2.817854919433593750e+02
4.460198669433593750e+02 8.016249084472656250e+01 4.525641174316406250e+02 8.961805725097656250e+01
4.382284851074218750e+02 1.273877792358398438e+02 4.444924011230468750e+02 1.364790039062500000e+02
1.819868469238281250e+02 5.034907531738281250e+02 1.892864074707031250e+02 5.134697875976562500e+02
1.116190719604492188e+02 5.375693893432617188e+01 1.193098373413085938e+02 6.591607666015625000e+01
3.688134460449218750e+02 5.941397705078125000e+02 3.752279968261718750e+02 6.040938720703125000e+02
1.368731384277343750e+02 4.284240417480468750e+02 1.434486389160156250e+02 4.377766418457031250e+02
5.121945953369140625e+01 1.131901321411132812e+02 5.977980041503906250e+01 1.248809127807617188e+02
3.775468826293945312e+00 1.882839965820312500e+02 1.190842437744140625e+01 1.984486389160156250e+02
3.868392944335937500e+02 1.751245117187500000e+02 3.928754882812500000e+02 1.864047546386718750e+02
3.488805541992187500e+02 4.195464477539062500e+02 3.554055786132812500e+02 4.316838378906250000e+02
6.029125366210937500e+02 2.345103454589843750e+02 6.106250610351562500e+02 2.448014526367187500e+02
3.947009582519531250e+02 2.599100036621093750e+02 4.009529113769531250e+02 2.689548034667968750e+02
6.138234710693359375e+01 1.844952545166015625e+02 6.861212921142578125e+01 1.946550750732421875e+02
2.335899734497070312e+01 3.945411071777343750e+02 3.011704635620117188e+01 4.045481872558593750e+02
5.101292419433593750e+01 3.621410522460937500e+02 5.989962768554687500e+01 3.726893310546875000e+02
9.601277923583984375e+01 5.932394409179687500e+02 1.037703781127929688e+02 6.042238159179687500e+02
2.846815490722656250e+02 3.131101226806640625e+01 2.908601989746093750e+02 4.116977691650390625e+01
9.024675750732421875e+01 1.797032165527343750e+02 9.765137481689453125e+01 1.897485046386718750e+02
3.817240905761718750e+01 1.263019104003906250e+02 4.571752166748046875e+01 1.368038330078125000e+02
2.544225921630859375e+02 1.943108978271484375e+02 2.610856323242187500e+02 2.036531829833984375e+02
6.211363315582275391e+00 8.554714965820312500e+01 1.418049812316894531e+01 9.572871398925781250e+01
9.542584991455078125e+01 4.497180175781250000e+02 1.022029495239257812e+02 4.599255981445312500e+02
3.555450134277343750e+02 3.389745178222656250e+02 3.643751525878906250e+02 3.502023010253906250e+02
3.368806762695312500e+02 2.588519592285156250e+02 3.431167602539062500e+02 2.676789245605468750e+02
5.413545532226562500e+02 1.465160522460937500e+02 5.476803588867187500e+02 1.574177246093750000e+02
2.963810729980468750e+02 1.896641540527343750e+02 3.025045471191406250e+02 1.994199829101562500e+02
6.158963012695312500e+02 2.458946685791015625e+02 6.218124389648437500e+02 2.536868133544921875e+02
5.671283569335937500e+02 6.259758300781250000e+02 5.740018920898437500e+02 6.368291015625000000e+02
4.841506347656250000e+02 5.306580200195312500e+02 4.925166015625000000e+02 5.415134887695312500e+02
2.829569091796875000e+02 4.066565246582031250e+02 2.940148315429687500e+02 4.186175231933593750e+02
2.119701843261718750e+02 2.319646606445312500e+02 2.230880126953125000e+02 2.439121093750000000e+02
3.304873352050781250e+02 6.244606933593750000e+02 3.396455993652343750e+02 6.389980468750000000e+02
2.902643432617187500e+02 1.917532043457031250e+02 2.960670166015625000e+02 2.021418151855468750e+02
0.000000000000000000e+00 6.241372070312500000e+02 3.950663805007934570e+00 6.374947509765625000e+02
