5.206838226318359375e+01 2.973019714355468750e+02 5.939031219482421875e+01 3.158949890136718750e+02
4.521226196289062500e+02 2.850625915527343750e+02 4.590034179687500000e+02 3.030262756347656250e+02
6.687042999267578125e+01 2.308898925781250000e+02 7.680896759033203125e+01 2.401215515136718750e+02
3.695024108886718750e+02 2.171963043212890625e+02 3.757667541503906250e+02 2.310895538330078125e+02
1.810222320556640625e+02 2.654557800292968750e+01 1.898349151611328125e+02 3.731893920898437500e+01
3.691493530273437500e+02 1.322705535888671875e+02 3.769129028320312500e+02 1.477890167236328125e+02
1.670418395996093750e+02 5.772194213867187500e+02 1.758537902832031250e+02 5.874517211914062500e+02
2.312629089355468750e+02 9.941254425048828125e+01 2.394793395996093750e+02 1.119424209594726562e+02
3.693898010253906250e+02 1.756078643798828125e+02 3.776836853027343750e+02 1.850650177001953125e+02
4.773611755371093750e+02 1.987766113281250000e+02 4.885842590332031250e+02 2.088268432617187500e+02
1.042775039672851562e+02 5.479786376953125000e+02 1.131093673706054688e+02 5.620471191406250000e+02
6.165133666992187500e+02 5.394141845703125000e+02 6.267739868164062500e+02 5.576278076171875000e+02
2.179451141357421875e+02 2.640197448730468750e+02 2.259918365478515625e+02 2.735688781738281250e+02
4.874410705566406250e+02 4.543269348144531250e+02 4.950409240722656250e+02 4.655685119628906250e+02
4.006897888183593750e+02 2.345852050781250000e+02 4.078517761230468750e+02 2.438997802734375000e+02
1.457862091064453125e+02 4.694145507812500000e+02 1.544188690185546875e+02 4.790368652343750000e+02
2.333430786132812500e+02 5.782915039062500000e+02 2.395907287597656250e+02 5.887015380859375000e+02
1.493668670654296875e+02 1.366740875244140625e+02 1.563453521728515625e+02 1.461959686279296875e+02
2.744059448242187500e+02 5.501957397460937500e+02 2.814960327148437500e+02 5.618773803710937500e+02
3.706476135253906250e+02 3.770864562988281250e+02 3.787687683105468750e+02 3.881900939941406250e+02
2.909246635437011719e+01 5.197657470703125000e+02 3.597224426269531250e+01 5.308044433593750000e+02
2.043937377929687500e+02 4.628667907714843750e+02 2.100623779296875000e+02 4.742823181152343750e+02
2.537020416259765625e+02 5.019990539550781250e+02 2.607912292480468750e+02 5.119851989746093750e+02
5.996964111328125000e+02 5.593127441406250000e+02 6.068354492187500000e+02 5.718776855468750000e+02
4.536767272949218750e+02 2.132115325927734375e+02 4.605087585449218750e+02 2.267537384033203125e+02
3.690899658203125000e+02 1.617792053222656250e+02 3.759331665039062500e+02 1.720482177734375000e+02
1.609267425537109375e+02 3.817896270751953125e+01 1.674121246337890625e+02 4.969945526123046875e+01
4.663915405273437500e+02 4.108806152343750000e+02 4.736262817382812500e+02 4.213307495117187500e+02
2.306703796386718750e+02 2.387716064453125000e+02 2.369854125976562500e+02 2.503150634765625000e+02
5.281283569335937500e+02 2.783298950195312500e+02 5.343312377929687500e+02 2.878323974609375000e+02
7.426012420654296875e+01 2.454709472656250000e+02 8.073477935791015625e+01 2.544265136718750000e+02
5.215223999023437500e+02 3.068751220703125000e+02 5.278002319335937500e+02 3.166984252929687500e+02
2.720033874511718750e+02 2.149979400634765625e+02 2.783303527832031250e+02 2.245637054443359375e+02
6.061768188476562500e+02 3.978832702636718750e+02 6.128938598632812500e+02 4.076925964355468750e+02
5.029071807861328125e+01 4.528955688476562500e+02 5.708508300781250000e+01 4.630770263671875000e+02
5.508966064453125000e+02 4.060010681152343750e+02 5.609509277343750000e+02 4.163149108886718750e+02
3.932977294921875000e+01 4.847088928222656250e+02 4.726416778564453125e+01 4.939718933105468750e+02
1.195084762573242188e+02 4.352995300292968750e+02 1.255863113403320312e+02 4.442630920410156250e+02
6.347886352539062500e+02 9.017423248291015625e+01 6.400000000000000000e+02 1.011692886352539062e+02
2.067183685302734375e+02 2.605872802734375000e+02 2.121799468994140625e+02 2.689700927734375000e+02
3.113020324707031250e+02 5.435462646484375000e+02 3.173143615722656250e+02 5.547575683593750000e+02
6.359807128906250000e+02 1.150179443359375000e+02 6.400000000000000000e+02 1.263861236572265625e+02
2.604838562011718750e+02 1.470570220947265625e+02 2.670428771972656250e+02 1.573066558837890625e+02
3.164994506835937500e+02 5.447833862304687500e+02 3.218395385742187500e+02 5.567476196289062500e+02
4.626694946289062500e+02 2.205588073730468750e+02 4.712225341796875000e+02 2.438681030273437500e+02
2.260393371582031250e+02 4.669697570800781250e+02 2.309712219238281250e+02 4.742935485839843750e+02
6.332769165039062500e+02 6.221352539062500000e+02 6.396015014648437500e+02 6.311140136718750000e+02
1.445540466308593750e+02 6.359957885742187500e+02 1.507915954589843750e+02 6.400000000000000000e+02
2.291875915527343750e+02 4.644802246093750000e+02 2.355613098144531250e+02 4.747609252929687500e+02
