2.886488952636718750e+02 9.750385284423828125e-01 2.981760559082031250e+02 1.070076179504394531e+01
4.952127380371093750e+02 2.545956726074218750e+02 5.050676574707031250e+02 2.753178405761718750e+02
3.029258117675781250e+02 5.608699340820312500e+02 3.170623474121093750e+02 5.721950073242187500e+02
1.460634155273437500e+02 2.449815826416015625e+02 1.541361083984375000e+02 2.657448425292968750e+02
5.763833007812500000e+02 3.461074523925781250e+02 5.828677978515625000e+02 3.580754089355468750e+02
1.694770202636718750e+02 1.665559005737304688e+01 1.788448181152343750e+02 2.694713592529296875e+01
6.146647949218750000e+02 1.350458679199218750e+02 6.282512207031250000e+02 1.481636962890625000e+02
5.398910522460937500e+02 2.932615356445312500e+02 5.467006225585937500e+02 3.052689819335937500e+02
1.800742492675781250e+02 1.095944290161132812e+02 1.863431701660156250e+02 1.204248275756835938e+02
7.677265930175781250e+01 1.164336166381835938e+02 8.404211425781250000e+01 1.282118530273437500e+02
5.253467407226562500e+02 3.275908203125000000e+02 5.316321411132812500e+02 3.395771484375000000e+02
2.888787841796875000e+02 5.418592529296875000e+02 2.961885375976562500e+02 5.546071777343750000e+02
5.673327026367187500e+02 3.847433166503906250e+02 5.741859741210937500e+02 3.958986511230468750e+02
3.755130920410156250e+02 4.754739761352539062e+00 3.829929504394531250e+02 1.555307197570800781e+01
3.497463684082031250e+02 6.265792236328125000e+02 3.571551818847656250e+02 6.372285156250000000e+02
3.391208496093750000e+02 5.265498046875000000e+02 3.448919067382812500e+02 5.381683349609375000e+02
1.413437805175781250e+02 4.805111083984375000e+02 1.484255981445312500e+02 4.919611206054687500e+02
4.620856933593750000e+02 5.670010986328125000e+02 4.697048950195312500e+02 5.788122558593750000e+02
1.705416564941406250e+02 1.203852081298828125e+02 1.768606567382812500e+02 1.319028472900390625e+02
3.511979064941406250e+02 1.338435363769531250e+02 3.584419250488281250e+02 1.440097351074218750e+02
4.177154846191406250e+02 3.512803649902343750e+02 4.246753234863281250e+02 3.635547180175781250e+02
3.031982421875000000e+02 3.144630432128906250e+02 3.097610473632812500e+02 3.247139587402343750e+02
4.865106201171875000e+02 1.422159576416015625e+02 4.933477783203125000e+02 1.516128997802734375e+02
6.223855209350585938e+01 4.740365600585937500e+02 6.950047302246093750e+01 4.843495483398437500e+02
2.634777641296386719e+01 3.229251480102539062e+01 3.317159271240234375e+01 4.306249618530273438e+01
1.388968505859375000e+02 5.436217651367187500e+02 1.462270202636718750e+02 5.533128051757812500e+02
4.794297485351562500e+02 5.015155410766601562e+01 4.864395141601562500e+02 5.998948287963867188e+01
1.665435028076171875e+01 4.574184265136718750e+02 2.575366973876953125e+01 4.672204284667968750e+02
1.866841888427734375e+02 8.808625030517578125e+01 1.930080108642578125e+02 9.760869598388671875e+01
2.989865417480468750e+02 4.408468933105468750e+02 3.055278015136718750e+02 4.509028625488281250e+02
4.173286132812500000e+02 3.717318725585937500e+01 4.234722900390625000e+02 4.683927917480468750e+01
4.223473205566406250e+02 3.083526611328125000e+02 4.296986999511718750e+02 3.176184082031250000e+02
2.296103668212890625e+02 4.483134155273437500e+02 2.360459442138671875e+02 4.590682373046875000e+02
6.353967895507812500e+02 3.885785522460937500e+02 6.399120483398437500e+02 4.000905761718750000e+02
4.781115417480468750e+02 2.009598999023437500e+02 4.841820983886718750e+02 2.096181335449218750e+02
3.584993743896484375e+01 1.063196182250976562e+02 4.339225006103515625e+01 1.184638442993164062e+02
1.188721313476562500e+02 3.407381591796875000e+02 1.255351867675781250e+02 3.510531616210937500e+02
2.823258972167968750e+02 1.419909515380859375e+02 2.896221008300781250e+02 1.524995880126953125e+02
4.962111816406250000e+02 4.733245849609375000e+02 5.016074218750000000e+02 4.810297851562500000e+02
3.847728271484375000e+02 5.184336547851562500e+02 3.910635375976562500e+02 5.275409545898437500e+02
5.144048309326171875e+01 7.056553649902343750e+01 5.753396606445312500e+01 7.862191772460937500e+01
7.258329010009765625e+01 2.953423156738281250e+02 7.984597015380859375e+01 3.048681945800781250e+02
2.906315002441406250e+02 1.405479431152343750e+02 2.963976745605468750e+02 1.501277465820312500e+02
1.499173431396484375e+02 5.773687133789062500e+02 1.563236541748046875e+02 5.910203247070312500e+02
5.213030395507812500e+02 4.900101318359375000e+02 5.273056030273437500e+02 4.984892578125000000e+02
1.334717559814453125e+02 4.620906677246093750e+02 1.394977874755859375e+02 4.710121154785156250e+02
2.497664642333984375e+01 3.924695434570312500e+02 3.097740554809570312e+01 4.028228149414062500e+02
1.346421203613281250e+02 5.525437622070312500e+02 1.398643188476562500e+02 5.618977661132812500e+02
3.562438659667968750e+02 2.584476928710937500e+02 3.622804870605468750e+02 2.671545410156250000e+02
1.985450134277343750e+02 6.352484130859375000e+02 2.071885375976562500e+02 6.399101562500000000e+02
5.468910980224609375e+01 5.813505859375000000e+02 6.160961914062500000e+01 5.987637939453125000e+02
1.363505859375000000e+02 5.457251586914062500e+02 1.433707275390625000e+02 5.566423950195312500e+02
1.259953975677490234e-01 4.391446838378906250e+02 3.161530733108520508e+00 4.520330505371093750e+02
