2.178157653808593750e+02 5.180526123046875000e+02 2.304221496582031250e+02 5.346354980468750000e+02
5.829861450195312500e+02 5.624753417968750000e+02 5.915897827148437500e+02 5.769973144531250000e+02
4.751826477050781250e+02 4.048278503417968750e+02 4.826312561035156250e+02 4.175978698730468750e+02
5.238872680664062500e+02 4.160893554687500000e+02 5.328295288085937500e+02 4.261765136718750000e+02
4.548382186889648438e+01 1.617366943359375000e+02 5.459526443481445312e+01 1.721278381347656250e+02
1.092125320434570312e+02 3.942615966796875000e+02 1.172751388549804688e+02 4.056196899414062500e+02
3.379830932617187500e+02 3.274325256347656250e+02 3.473377075195312500e+02 3.395820007324218750e+02
2.348442077636718750e+02 3.959843444824218750e+02 2.411007080078125000e+02 4.052930603027343750e+02
3.514394531250000000e+02 2.324093818664550781e+01 3.598776855468750000e+02 3.622611999511718750e+01
1.829778594970703125e+02 1.472708587646484375e+02 1.906162872314453125e+02 1.578880767822265625e+02
4.205596160888671875e+01 3.544035034179687500e+02 4.970949554443359375e+01 3.670470581054687500e+02
4.804407348632812500e+02 1.643765411376953125e+02 4.891320800781250000e+02 1.818809051513671875e+02
5.928886108398437500e+02 4.867068481445312500e+02 6.002944946289062500e+02 4.966249389648437500e+02
8.092670440673828125e+01 4.759642333984375000e+02 8.836827850341796875e+01 4.861547851562500000e+02
3.461611022949218750e+02 1.727413940429687500e+02 3.528404235839843750e+02 1.858388671875000000e+02
3.732813110351562500e+02 1.010592956542968750e+02 3.813054199218750000e+02 1.134656524658203125e+02
5.441838378906250000e+02 5.703064575195312500e+02 5.516767578125000000e+02 5.801329956054687500e+02
4.445173950195312500e+02 8.004935264587402344e+00 4.521129760742187500e+02 1.976391601562500000e+01
2.871089477539062500e+02 6.155637741088867188e+00 2.976112060546875000e+02 1.801305580139160156e+01
5.091879272460937500e+01 1.994148406982421875e+02 5.755085754394531250e+01 2.088188018798828125e+02
3.340169067382812500e+02 1.625876464843750000e+02 3.410943603515625000e+02 1.725571289062500000e+02
5.357897949218750000e+02 9.745294189453125000e+01 5.435683593750000000e+02 1.107443847656250000e+02
3.747041625976562500e+02 5.923264160156250000e+02 3.817222900390625000e+02 6.028193359375000000e+02
2.135154571533203125e+02 2.580978965759277344e+01 2.214669342041015625e+02 3.742164611816406250e+01
8.289407730102539062e+00 1.546117973327636719e+01 1.715755271911621094e+01 2.709114265441894531e+01
8.304033660888671875e+01 5.377116699218750000e+02 8.978067779541015625e+01 5.473508300781250000e+02
1.151802520751953125e+02 1.918044738769531250e+02 1.224317321777343750e+02 2.011283874511718750e+02
2.925795593261718750e+02 3.515465698242187500e+02 2.989143371582031250e+02 3.604471435546875000e+02
5.197124099731445312e+01 4.037230834960937500e+02 5.835721206665039062e+01 4.132513427734375000e+02
3.181672668457031250e+02 1.116151351928710938e+02 3.258024597167968750e+02 1.279495773315429688e+02
5.862593460083007812e+01 5.706171264648437500e+02 6.663812255859375000e+01 5.848193969726562500e+02
5.851702880859375000e+02 7.343653869628906250e+01 5.920888671875000000e+02 8.448931884765625000e+01
3.300590820312500000e+02 1.811987304687500000e+02 3.391669311523437500e+02 1.926553344726562500e+02
6.211864013671875000e+02 1.264813537597656250e+02 6.281204833984375000e+02 1.371263122558593750e+02
3.961589965820312500e+02 1.070728225708007812e+02 4.024108276367187500e+02 1.163538131713867188e+02
5.228069458007812500e+02 1.979658813476562500e+02 5.313662719726562500e+02 2.127598571777343750e+02
6.285214843750000000e+02 6.024208068847656250e+01 6.362103271484375000e+02 7.158174133300781250e+01
1.669553527832031250e+02 3.650262756347656250e+02 1.730120544433593750e+02 3.739539489746093750e+02
2.623893127441406250e+02 3.408434753417968750e+02 2.694818420410156250e+02 3.523666687011718750e+02
2.925592346191406250e+02 5.308901977539062500e+02 2.988429260253906250e+02 5.399915161132812500e+02
6.001563720703125000e+02 2.915872497558593750e+02 6.063728027343750000e+02 3.011570739746093750e+02
