7.361267089843750000e+01 1.343061676025390625e+02 8.480323791503906250e+01 1.463892364501953125e+02
2.131906433105468750e+02 3.373650360107421875e+01 2.213186645507812500e+02 4.905215454101562500e+01
5.927373046875000000e+02 3.707843627929687500e+02 6.001405029296875000e+02 3.826467895507812500e+02
5.893594970703125000e+02 3.043559265136718750e+02 5.971586914062500000e+02 3.175696716308593750e+02
2.477857818603515625e+02 3.775908508300781250e+02 2.550800323486328125e+02 3.878460388183593750e+02
5.340923461914062500e+02 3.525883178710937500e+02 5.411436157226562500e+02 3.627124023437500000e+02
4.057133483886718750e+02 4.669236145019531250e+02 4.157777404785156250e+02 4.777627258300781250e+02
2.894624023437500000e+02 3.500510559082031250e+02 2.968375244140625000e+02 3.605626525878906250e+02
5.739184570312500000e+02 6.296779251098632812e+01 5.831651611328125000e+02 7.477132415771484375e+01
4.669288330078125000e+02 1.934793395996093750e+02 4.743526611328125000e+02 2.049591064453125000e+02
4.682318115234375000e+02 1.079227447509765625e+02 4.764360351562500000e+02 1.194768829345703125e+02
3.467431945800781250e+02 9.580335235595703125e+01 3.558435363769531250e+02 1.097485580444335938e+02
4.120386962890625000e+02 2.253237609863281250e+02 4.188704223632812500e+02 2.354395751953125000e+02
2.320506286621093750e+02 2.970552368164062500e+02 2.395306091308593750e+02 3.084754638671875000e+02
2.287493286132812500e+02 5.484562377929687500e+02 2.362066345214843750e+02 5.590405883789062500e+02
2.339866027832031250e+02 1.408915557861328125e+02 2.409857788085937500e+02 1.536217193603515625e+02
3.635955047607421875e+01 5.976975097656250000e+02 4.473531341552734375e+01 6.113021240234375000e+02
1.082526588439941406e+01 5.494915771484375000e+02 1.835705184936523438e+01 5.631362304687500000e+02
7.327030944824218750e+01 5.745278930664062500e+02 8.149240112304687500e+01 5.882105102539062500e+02
5.947655029296875000e+02 4.372717285156250000e+02 6.018529052734375000e+02 4.473063964843750000e+02
3.013497314453125000e+02 5.531920166015625000e+02 3.079788208007812500e+02 5.636729736328125000e+02
4.841769409179687500e+02 5.494334106445312500e+02 4.915805664062500000e+02 5.599946899414062500e+02
9.147507476806640625e+01 4.615701599121093750e+02 1.000353317260742188e+02 4.734798889160156250e+02
5.254815063476562500e+02 1.711330413818359375e+02 5.329506225585937500e+02 1.824167022705078125e+02
7.947370910644531250e+01 4.391622619628906250e+02 8.672529602050781250e+01 4.493162536621093750e+02
1.733127117156982422e+00 5.797062988281250000e+02 9.091861724853515625e+00 5.906463623046875000e+02
5.856799926757812500e+02 4.101979064941406250e+02 5.911541137695312500e+02 4.183453674316406250e+02
5.183298339843750000e+02 2.802621459960937500e+02 5.246643066406250000e+02 2.906688842773437500e+02
1.509880218505859375e+02 4.759372558593750000e+02 1.584291839599609375e+02 4.879451904296875000e+02
5.320223999023437500e+02 1.351051025390625000e+02 5.396382446289062500e+02 1.463909912109375000e+02
2.559149322509765625e+02 6.082616577148437500e+02 2.638978576660156250e+02 6.193810424804687500e+02
1.125767440795898438e+02 7.388304901123046875e+01 1.193126296997070312e+02 8.421537017822265625e+01
4.297161102294921875e+01 3.201649475097656250e+02 4.982233428955078125e+01 3.347358093261718750e+02
