1.474947814941406250e+02 7.708724975585937500e+01 1.575466308593750000e+02 8.996144104003906250e+01
1.355293884277343750e+02 3.684315490722656250e+01 1.435060729980468750e+02 4.983195495605468750e+01
6.110958251953125000e+02 3.733876647949218750e+02 6.212125244140625000e+02 3.874145812988281250e+02
4.159881286621093750e+02 2.181185607910156250e+02 4.226385803222656250e+02 2.304416503906250000e+02
3.990292968750000000e+02 4.700714111328125000e+02 4.069232788085937500e+02 4.833960571289062500e+02
2.241556396484375000e+02 5.015464172363281250e+02 2.317418212890625000e+02 5.131191406250000000e+02
1.835067596435546875e+02 4.656276855468750000e+02 1.911944427490234375e+02 4.765466308593750000e+02
1.510265808105468750e+02 2.232935943603515625e+02 1.590780029296875000e+02 2.367883453369140625e+02
2.453365783691406250e+02 1.739673767089843750e+02 2.525113525390625000e+02 1.849444274902343750e+02
1.808452148437500000e+02 5.971956176757812500e+02 1.892155456542968750e+02 6.100095825195312500e+02
2.062750244140625000e+02 2.489312171936035156e+00 2.126560974121093750e+02 1.353855228424072266e+01
2.696873779296875000e+02 1.328377685546875000e+02 2.787553100585937500e+02 1.450359191894531250e+02
3.207673950195312500e+02 6.157496337890625000e+02 3.281174926757812500e+02 6.296489257812500000e+02
1.763175354003906250e+02 4.252890014648437500e+02 1.857440185546875000e+02 4.367847290039062500e+02
2.528521728515625000e+02 2.971544494628906250e+02 2.605483398437500000e+02 3.077959289550781250e+02
5.978552856445312500e+02 3.147079658508300781e+01 6.049059448242187500e+02 4.353648757934570312e+01
4.555060729980468750e+02 5.593513183593750000e+02 4.630982971191406250e+02 5.714907226562500000e+02
5.834695434570312500e+02 5.351973342895507812e+01 5.910025024414062500e+02 6.525450897216796875e+01
6.188833007812500000e+02 1.533721466064453125e+02 6.267922363281250000e+02 1.649098663330078125e+02
1.705177612304687500e+02 5.300901489257812500e+02 1.785510864257812500e+02 5.433214721679687500e+02
4.875697326660156250e+02 9.310624694824218750e+01 4.942953186035156250e+02 1.033955841064453125e+02
6.034822998046875000e+02 4.838813171386718750e+02 6.118044433593750000e+02 4.967345886230468750e+02
3.209685668945312500e+02 3.645079956054687500e+02 3.273970947265625000e+02 3.740316772460937500e+02
3.357546081542968750e+02 4.575646057128906250e+02 3.425383605957031250e+02 4.674164123535156250e+02
2.122623901367187500e+02 3.973789062500000000e+02 2.202197570800781250e+02 4.079489135742187500e+02
3.809007568359375000e+02 5.820901489257812500e+02 3.878500366210937500e+02 5.950593872070312500e+02
2.554267272949218750e+02 1.056499786376953125e+02 2.629812316894531250e+02 1.175570373535156250e+02
4.036907348632812500e+02 1.419876708984375000e+02 4.129937133789062500e+02 1.538940429687500000e+02
3.942051696777343750e+02 6.332919921875000000e+02 4.017646179199218750e+02 6.399675292968750000e+02
2.995589447021484375e+01 4.747620544433593750e+02 3.721855926513671875e+01 4.861163635253906250e+02
3.983177795410156250e+02 3.896466064453125000e+02 4.052778625488281250e+02 4.000504150390625000e+02
1.236656951904296875e+02 1.125657119750976562e+02 1.315529327392578125e+02 1.266474075317382812e+02
5.375329208374023438e+01 5.264893798828125000e+02 6.093743515014648438e+01 5.370512695312500000e+02
3.248792419433593750e+02 1.419464874267578125e+02 3.320419006347656250e+02 1.524406585693359375e+02
3.995929870605468750e+02 3.287230834960937500e+02 4.071285095214843750e+02 3.395042114257812500e+02
1.299309082031250000e+02 1.121451263427734375e+02 1.361337890625000000e+02 1.224473724365234375e+02
1.530539093017578125e+02 2.607215270996093750e+02 1.595663604736328125e+02 2.701260681152343750e+02
1.059731979370117188e+02 1.704889831542968750e+02 1.131647415161132812e+02 1.813598632812500000e+02
1.013995666503906250e+02 5.531779174804687500e+02 1.074455413818359375e+02 5.625927124023437500e+02
4.029567260742187500e+02 3.978020019531250000e+02 4.088475952148437500e+02 4.070362548828125000e+02
5.929340820312500000e+02 5.177682495117187500e+02 5.997667236328125000e+02 5.272299194335937500e+02
