6.294844970703125000e+02 6.561448669433593750e+01 6.390277099609375000e+02 8.903013610839843750e+01
4.942622680664062500e+02 5.324227905273437500e+02 5.043533325195312500e+02 5.500226440429687500e+02
5.597250976562500000e+02 2.943938293457031250e+02 5.718809814453125000e+02 3.076462707519531250e+02
1.786832275390625000e+02 3.089142761230468750e+02 1.867389831542968750e+02 3.248611145019531250e+02
2.635431823730468750e+02 1.122445068359375000e+02 2.720106506347656250e+02 1.248960418701171875e+02
5.949645385742187500e+02 5.032311706542968750e+02 6.048427124023437500e+02 5.179047241210937500e+02
4.560335083007812500e+02 3.846793823242187500e+02 4.660530395507812500e+02 3.994360351562500000e+02
4.377225646972656250e+02 1.805414886474609375e+02 4.461684265136718750e+02 1.984329376220703125e+02
5.843128662109375000e+02 4.466263427734375000e+02 5.941416015625000000e+02 4.619262695312500000e+02
2.934994697570800781e-01 1.746369171142578125e+02 8.016344070434570312e+00 1.869252166748046875e+02
1.959814147949218750e+02 9.909526824951171875e+01 2.040757141113281250e+02 1.121298904418945312e+02
5.197568359375000000e+02 1.629429321289062500e+02 5.282801513671875000e+02 1.785117492675781250e+02
5.500093460083007812e+01 2.238776245117187500e+02 6.351783370971679688e+01 2.379673461914062500e+02
3.900003051757812500e+02 2.190027770996093750e+02 3.983282470703125000e+02 2.322986450195312500e+02
6.780590057373046875e+01 4.591241149902343750e+02 7.757669830322265625e+01 4.720588684082031250e+02
8.647508239746093750e+01 2.017544250488281250e+02 9.552131652832031250e+01 2.149229736328125000e+02
2.700538635253906250e+02 5.496971435546875000e+02 2.787200012207031250e+02 5.626800537109375000e+02
3.778389892578125000e+02 4.344183654785156250e+02 3.863206787109375000e+02 4.466927185058593750e+02
5.442280273437500000e+02 3.328927001953125000e+02 5.527891845703125000e+02 3.457111816406250000e+02
4.726656799316406250e+02 6.039973754882812500e+02 4.811430969238281250e+02 6.180986938476562500e+02
2.005552673339843750e+02 3.305515441894531250e+02 2.081543884277343750e+02 3.445887145996093750e+02
2.016485595703125000e+02 1.362487335205078125e+02 2.105251159667968750e+02 1.497617340087890625e+02
3.850270080566406250e+01 3.524840087890625000e+02 4.710606384277343750e+01 3.656915893554687500e+02
1.398708343505859375e+02 4.413123321533203125e+01 1.493720550537109375e+02 5.680569458007812500e+01
1.926754302978515625e+02 4.680657653808593750e+02 2.039731903076171875e+02 4.814853820800781250e+02
3.833872070312500000e+02 2.031656799316406250e+02 3.927217407226562500e+02 2.182918395996093750e+02
1.996718597412109375e+02 3.448661499023437500e+02 2.067773284912109375e+02 3.575161743164062500e+02
1.519119262695312500e+02 1.909073028564453125e+02 1.598928527832031250e+02 2.049024505615234375e+02
3.339603271484375000e+02 2.533294219970703125e+02 3.424047241210937500e+02 2.690031738281250000e+02
1.465939712524414062e+01 9.022109222412109375e+01 2.470751571655273438e+01 1.036128768920898438e+02
5.243707275390625000e+02 5.732961425781250000e+02 5.336269531250000000e+02 5.886010742187500000e+02
1.671516113281250000e+02 2.282293395996093750e+02 1.761480102539062500e+02 2.402196960449218750e+02
6.189651870727539062e+01 5.182213745117187500e+02 7.041261291503906250e+01 5.309055786132812500e+02
1.809168548583984375e+02 1.985038452148437500e+02 1.892960662841796875e+02 2.140071716308593750e+02
2.484119873046875000e+02 3.556835937500000000e+02 2.572913818359375000e+02 3.689409790039062500e+02
5.824629516601562500e+02 1.598145294189453125e+02 5.904246215820312500e+02 1.725901947021484375e+02
4.978319396972656250e+02 6.394228744506835938e+01 5.069967956542968750e+02 7.743268585205078125e+01
4.919889221191406250e+02 2.558314361572265625e+02 5.009101257324218750e+02 2.700246582031250000e+02
5.899511718750000000e+02 1.510912780761718750e+02 5.984510498046875000e+02 1.646454467773437500e+02
6.112452392578125000e+02 3.132649993896484375e+01 6.201619873046875000e+02 4.639874267578125000e+01
4.182989501953125000e+02 1.133252105712890625e+02 4.277542724609375000e+02 1.270902404785156250e+02
2.000833435058593750e+02 2.492671966552734375e+02 2.080844421386718750e+02 2.616130371093750000e+02
2.615689392089843750e+02 1.843624267578125000e+02 2.695921936035156250e+02 1.978683471679687500e+02
6.077867126464843750e+01 4.379064941406250000e+02 6.935903930664062500e+01 4.530488281250000000e+02
8.457706451416015625e+01 1.344421234130859375e+02 9.356685638427734375e+01 1.478275909423828125e+02
5.324260864257812500e+02 5.813338623046875000e+02 5.398826293945312500e+02 5.953056640625000000e+02
1.627113914489746094e+01 7.251997375488281250e+01 2.598502540588378906e+01 8.662002563476562500e+01
0.000000000000000000e+00 6.152925415039062500e+02 4.726150989532470703e+00 6.291482543945312500e+02
3.173446044921875000e+02 2.242278594970703125e+02 3.246176147460937500e+02 2.351594085693359375e+02
3.239343566894531250e+02 2.190610351562500000e+02 3.327314147949218750e+02 2.307521972656250000e+02
2.771611022949218750e+02 2.720278930664062500e+02 2.843394470214843750e+02 2.831035156250000000e+02
4.464891662597656250e+02 1.639828872680664062e+01 4.544613342285156250e+02 2.882500839233398438e+01
5.210933837890625000e+02 4.354575500488281250e+02 5.285161132812500000e+02 4.467933044433593750e+02
3.810953674316406250e+02 3.681101684570312500e+02 3.889473571777343750e+02 3.799776611328125000e+02
3.803667297363281250e+02 1.210855255126953125e+02 3.888047790527343750e+02 1.339639129638671875e+02
2.072134704589843750e+02 6.114523315429687500e+02 2.147776794433593750e+02 6.234368286132812500e+02
