2.149848632812500000e+02 3.096180114746093750e+02 2.239347839355468750e+02 3.267107849121093750e+02
2.024529266357421875e+02 8.418336486816406250e+01 2.137644805908203125e+02 9.842916870117187500e+01
7.295008087158203125e+01 3.400316772460937500e+02 8.226427459716796875e+01 3.550422363281250000e+02
2.454424743652343750e+02 1.409975128173828125e+02 2.540153808593750000e+02 1.551482086181640625e+02
3.689587707519531250e+02 3.532996215820312500e+02 3.797346496582031250e+02 3.654581909179687500e+02
4.369491882324218750e+02 1.042916564941406250e+02 4.472147521972656250e+02 1.201472015380859375e+02
2.192831878662109375e+02 4.683464660644531250e+02 2.302222442626953125e+02 4.821241149902343750e+02
4.739400939941406250e+02 1.690950927734375000e+02 4.822901916503906250e+02 1.821087036132812500e+02
3.303860092163085938e+01 2.733393249511718750e+02 4.072394180297851562e+01 2.847353820800781250e+02
5.730633735656738281e-01 5.508179321289062500e+02 9.089567184448242188e+00 5.638760375976562500e+02
6.050161132812500000e+02 1.916820068359375000e+02 6.135985107421875000e+02 2.043271484375000000e+02
1.711820526123046875e+02 1.320971679687500000e+02 1.791689605712890625e+02 1.439523925781250000e+02
3.397769470214843750e+02 5.110244140625000000e+02 3.487774963378906250e+02 5.253642578125000000e+02
3.768525390625000000e+02 2.157038116455078125e+02 3.854755859375000000e+02 2.274719696044921875e+02
3.290487976074218750e+02 4.592524719238281250e+02 3.368326721191406250e+02 4.708980407714843750e+02
2.366330261230468750e+02 3.238513793945312500e+02 2.446695251464843750e+02 3.354524536132812500e+02
3.007929687500000000e+02 2.419714660644531250e+02 3.089952392578125000e+02 2.541928405761718750e+02
1.543147888183593750e+02 5.111806030273437500e+02 1.625691223144531250e+02 5.235617065429687500e+02
4.899006042480468750e+02 4.736954650878906250e+02 5.004207458496093750e+02 4.868144226074218750e+02
5.251756591796875000e+02 6.140173339843750000e+02 5.352270507812500000e+02 6.316398925781250000e+02
6.109984741210937500e+02 1.354491615295410156e+01 6.193182983398437500e+02 2.622475242614746094e+01
3.149239807128906250e+02 4.978118286132812500e+02 3.230497741699218750e+02 5.099229736328125000e+02
7.279805755615234375e+01 1.243119812011718750e+02 8.137659454345703125e+01 1.374777221679687500e+02
4.924031677246093750e+02 5.177802124023437500e+02 5.004579772949218750e+02 5.308480834960937500e+02
2.153807373046875000e+02 4.613792800903320312e+01 2.292991027832031250e+02 6.178020858764648438e+01
1.731374931335449219e+01 4.715419006347656250e+02 2.662683296203613281e+01 4.850035705566406250e+02
2.761102294921875000e+02 2.547731170654296875e+02 2.828869628906250000e+02 2.650982360839843750e+02
5.805115356445312500e+02 5.411442260742187500e+02 5.895134887695312500e+02 5.542973022460937500e+02
8.662993431091308594e+00 6.107942504882812500e+02 1.711305999755859375e+01 6.228488159179687500e+02
3.062317199707031250e+02 3.268216247558593750e+02 3.163605041503906250e+02 3.403921813964843750e+02
4.712511901855468750e+02 4.181802978515625000e+02 4.795215148925781250e+02 4.302558593750000000e+02
2.778131103515625000e+02 2.645172729492187500e+02 2.848367919921875000e+02 2.747664794921875000e+02
1.174047775268554688e+02 5.895042724609375000e+02 1.260258865356445312e+02 6.027895507812500000e+02
4.767198486328125000e+02 8.522441101074218750e+01 4.855139160156250000e+02 9.852252197265625000e+01
1.168337936401367188e+02 2.522332000732421875e+02 1.251273880004882812e+02 2.685382690429687500e+02
